1530.92507216495
1502.10622680413
1569.35719587629
1633.41773195877
1659.04614432991
1665.44800000001
1755.11595876289
1659.04614432991
1617.40259793814
1543.74977319589
1591.77418556702
1591.77418556702
1649.43286597938
1591.77418556702
1540.53835051548
1569.35719587629
1739.10082474226
1751.9255257732
1751.9255257732
1649.43286597938
1691.07641237114
1707.09154639175
1703.88012371135
1569.35719587629
1601.38746391754
1546.94020618558
1540.53835051548
1562.95534020619
1518.12136082475
1527.73463917526
1617.40259793814
1662.23657731959
1623.80445360825
1671.84985567011
1665.44800000001
1710.28197938146
1707.09154639175
1755.11595876289
1703.88012371135
1636.62915463918
1550.15162886599
1633.41773195877
1623.80445360825
1540.53835051548
1450.87039175258
1534.13649484536
1620.61402061856
1755.11595876289
1697.47826804124
1764.7292371134
1742.31224742269
1678.25171134021
1668.65942268042
1633.41773195877
1627.01587628867
1620.61402061856
1559.7649072165
1373.98515463918
1476.477814433
1655.83472164948
1790.35764948454
1735.91039175258
1719.89525773196
1716.68383505156
1819.17649484536
1819.17649484536
1819.17649484536
1665.44800000001
1582.18189690723
1521.31179381444
1575.7590515464
1550.15162886599
1569.35719587629
1575.7590515464
1739.10082474226
1793.54808247423
1735.91039175258
1751.9255257732
1761.53880412371
1678.25171134021
1630.20630927836
1659.04614432991
1662.23657731959
1716.68383505156
1665.44800000001
1681.46313402063
1623.80445360825
1681.46313402063
1703.88012371135
1726.29711340206
1681.46313402063
1758.3273814433
1783.95579381444
1739.10082474226
1623.80445360825
1678.25171134021
1659.04614432991
1659.04614432991
1578.97047422681
1611.00074226804
1620.61402061856
1671.84985567011
1700.66870103093
1675.06127835052
1649.43286597938
1716.68383505156
1806.37278350516
1755.11595876289
1751.9255257732
1627.01587628867
1598.19703092783
1553.34206185568
1594.98560824743
1502.10622680413
1543.74977319589
1598.19703092783
1793.54808247423
1745.5236701031
1687.86498969073
1582.18189690723
1652.64428865979
1591.77418556702
1537.32692783505
1466.86453608248
1550.15162886599
1562.95534020619
1607.78931958764
1575.7590515464
1530.92507216495
1543.74977319589
1556.55348453609
1655.83472164948
1697.47826804124
1767.94065979382
1729.50853608247
1739.10082474226
1594.98560824743
1598.19703092783
1562.95534020619
1649.43286597938
1582.18189690723
1617.40259793814
1611.00074226804
1646.22144329897
1585.37232989692
1665.44800000001
1646.22144329897
1684.65356701032
1755.11595876289
1921.66915463918
1889.63888659794
1799.97092783506
1713.49340206186
1678.25171134021
1691.07641237114
1614.21216494846
1562.95534020619
1559.7649072165
1723.10668041237
1783.95579381444
1751.9255257732
1604.59888659794
1655.83472164948
1671.84985567011
1697.47826804124
1646.22144329897
1687.86498969073
1639.81958762887
1588.58375257733
1562.95534020619
1572.56861855671
1578.97047422681
1559.7649072165
1550.15162886599
1649.43286597938
1710.28197938146
1745.5236701031
1723.10668041237
1665.44800000001
1611.00074226804
1594.98560824743
1601.38746391754
1511.71950515464
1601.38746391754
1620.61402061856
1627.01587628867
1652.64428865979
1726.29711340206
1684.65356701032
1700.66870103093
1646.22144329897
1739.10082474226
1748.71410309279
1655.83472164948
1521.31179381444
1572.56861855671
1575.7590515464
1588.58375257733
1466.86453608248
1585.37232989692
1713.49340206186
1815.98606185568
1793.54808247423
1780.74437113403
1812.77463917526
1908.86544329898
1963.31270103093
1847.99534020619
1867.22189690722
1844.80490721649
1860.82004123712
1767.94065979382
1803.16136082475
1777.53294845361
1883.23703092784
1889.63888659794
2033.77509278351
2068.99579381444
2091.41278350516
2056.19208247424
2110.63934020619
2094.62420618557
2094.62420618557
2020.95039175259
2056.19208247424
2036.9655257732
2068.99579381444
2139.45818556702
2165.08659793815
2200.30729896907
2203.51872164949
2270.76969072166
2254.75455670104
2302.79995876289
2289.99624742268
2322.00552577319
2241.95084536083
2267.55826804125
2241.95084536083
2296.39810309279
2293.18668041239
2331.61880412372
2366.86049484537
2462.93030927835
2434.11146391752
2437.32288659795
2411.69447422682
2475.75501030928
2514.18713402062
2578.22668041238
2510.97571134021
2411.69447422682
2466.14173195877
2501.3624329897
2488.5587216495
2485.34729896907
2565.42296907217
2597.4532371134
2683.93076288661
2712.74960824742
2709.55917525773
2639.09678350516
2738.37802061856
2722.36288659795
2667.91562886598
2581.43810309279
2690.33261855671
2699.94589690722
2728.76474226805
2591.0513814433
2648.68907216495
2651.90049484537
2709.55917525773
2690.33261855671
2824.85554639176
2876.0913814433
2904.91022680413
2956.1670515464
2927.34820618557
2834.46882474228
2796.0157113402
2799.22713402063
2770.4082886598
2767.1968659794
2722.36288659795
2840.87068041238
2920.92536082475
3039.43315463918
2959.35748453608
2866.47810309279
2783.212
2834.46882474228
2741.56845360826
2607.06651546393
2382.87562886599
2427.70960824742
2434.11146391752
2459.73987628866
2414.88490721651
2469.33216494846
2402.08119587629
2334.83022680413
2302.79995876289
2360.43764948454
2408.4830515464
2443.72474226805
2366.86049484537
2235.54898969072
2232.33756701031
2181.10173195876
2152.26189690722
2017.7599587629
2052.98065979382
1960.10127835051
1985.72969072165
1985.72969072165
2136.24676288661
2133.05632989692
2107.42791752578
2014.54853608249
1995.32197938145
1947.29756701031
1924.88057731959
1902.44259793815
1915.26729896908
1864.01047422681
1828.78977319589
1838.40305154639
1854.41818556702
1867.22189690722
1838.40305154639
1815.98606185568
1819.17649484536
1886.42746391753
1835.19162886599
1803.16136082475
1723.10668041237
1774.34251546392
1783.95579381444
1735.91039175258
1601.38746391754
1691.07641237114
1742.31224742269
1774.34251546392
1633.41773195877
1627.01587628867
1620.61402061856
1700.66870103093
1675.06127835052
1643.03101030928
1463.6741030928
1373.98515463918
1422.03055670103
1502.10622680413
1482.8796701031
1495.70437113403
1569.35719587629
1543.74977319589
1614.21216494846
1572.56861855671
1518.12136082475
1444.44754639176
1524.52321649485
1527.73463917526
1489.30251546392
1338.76445360825
1380.40800000001
1341.97587628867
1303.5227628866
1172.21125773196
1204.2415257732
1220.25665979382
1325.96074226805
1364.39286597938
1441.25711340207
1502.10622680413
1588.58375257733
1614.21216494846
1556.55348453609
1521.31179381444
1486.0910927835
1556.55348453609
1527.73463917526
1585.37232989692
1659.04614432991
1793.54808247423
1700.66870103093
1729.50853608247
1719.89525773196
1867.22189690722
1912.05587628867
1928.07101030928
1796.75950515465
1729.50853608247
1703.88012371135
1812.77463917526
1726.29711340206
1780.74437113403
1809.56321649485
1972.90498969072
1992.13154639176
1995.32197938145
2059.38251546393
2085.01092783505
2085.01092783505
2068.99579381444
2081.79950515465
1988.92012371134
2068.99579381444
2136.24676288661
2133.05632989692
1992.13154639176
2052.98065979382
2094.62420618557
2149.07146391753
2168.27703092784
2267.55826804125
2184.29216494847
2168.27703092784
2219.53385567011
2315.60367010309
2286.78482474227
2245.14127835052
2206.70915463917
2312.4132371134
2315.60367010309
2296.39810309279
2370.05092783506
2405.29261855672
2453.33802061856
2421.30775257732
2453.33802061856
2504.57385567011
2648.68907216495
2632.67393814434
2536.60412371134
2421.30775257732
2491.77014432991
2494.9605773196
2510.97571134021
2459.73987628866
2591.0513814433
2658.30235051548
2767.1968659794
2741.56845360826
2808.84041237114
2805.62898969073
2776.8101443299
2642.28721649485
2645.49863917527
2594.24181443299
2626.27208247423
2687.1211958763
2648.68907216495
2555.80969072165
2552.61925773196
2715.96103092784
2869.6895257732
3090.68997938145
3100.28226804124
3029.81987628866
2879.30280412373
2882.49323711341
2821.64412371134
2844.06111340207
2792.82527835051
2863.2876701031
2751.18173195877
2610.25694845362
2510.97571134021
2619.87022680413
2600.66465979383
2568.63439175258
2491.77014432991
2594.24181443299
2706.34775257732
2735.16659793815
2747.99129896908
2623.08164948454
2671.12705154639
2735.16659793815
2789.6138556701
2731.97616494846
2805.62898969073
2812.03084536083
2786.42342268041
2597.4532371134
2523.77942268042
2597.4532371134
2747.99129896908
2651.90049484537
2597.4532371134
2536.60412371134
2600.66465979383
2629.48350515465
2671.12705154639
2600.66465979383
2607.06651546393
2581.43810309279
2783.212
2783.212
2728.76474226805
2699.94589690722
2677.5289072165
2597.4532371134
2498.17200000001
2494.9605773196
2485.34729896907
2610.25694845362
2591.0513814433
2533.39270103094
2510.97571134021
2575.03624742269
2667.91562886598
2731.97616494846
2722.36288659795
2735.16659793815
2645.49863917527
2648.68907216495
2546.21740206185
2600.66465979383
2536.60412371134
2575.03624742269
2526.99084536084
2530.20226804124
2453.33802061856
2434.11146391752
2450.12659793815
2536.60412371134
2584.6495257732
2587.83995876289
2629.48350515465
2635.88536082475
2715.96103092784
2664.70420618558
2575.03624742269
2453.33802061856
2543.00597938144
2546.21740206185
2546.21740206185
2530.20226804124
2651.90049484537
2709.55917525773
2731.97616494846
2581.43810309279
2594.24181443299
2507.78527835052
2530.20226804124
2446.91517525774
2578.22668041238
2626.27208247423
2536.60412371134
2427.70960824742
2350.84536082475
2315.60367010309
2437.32288659795
2565.42296907217
2562.23253608248
2600.66465979383
2613.46837113403
2690.33261855671
2562.23253608248
2517.37756701031
2472.54358762887
2546.21740206185
2510.97571134021
2562.23253608248
2472.54358762887
2526.99084536084
2472.54358762887
2536.60412371134
2491.77014432991
2520.58898969073
2485.34729896907
2664.70420618558
2677.5289072165
2655.11191752577
2600.66465979383
2616.67979381444
2587.83995876289
2526.99084536084
2517.37756701031
2494.9605773196
2584.6495257732
2600.66465979383
2655.11191752577
2603.8550927835
2658.30235051548
2645.49863917527
2680.71934020618
2619.87022680413
2680.71934020618
2693.54404123712
2738.37802061856
2677.5289072165
2683.93076288661
2645.49863917527
2639.09678350516
2648.68907216495
2757.58358762887
2674.31748453608
2642.28721649485
2632.67393814434
2578.22668041238
2459.73987628866
2430.90004123712
2440.51331958763
2453.33802061856
2475.75501030928
2507.78527835052
2584.6495257732
2543.00597938144
2645.49863917527
2655.11191752577
2667.91562886598
2639.09678350516
2728.76474226805
2731.97616494846
2712.74960824742
2543.00597938144
2469.33216494846
2418.09632989692
2536.60412371134
2546.21740206185
2584.6495257732
2546.21740206185
2623.08164948454
2703.13632989691
2696.73447422681
2597.4532371134
2597.4532371134
2658.30235051548
2696.73447422681
2667.91562886598
2651.90049484537
2687.1211958763
2619.87022680413
2632.67393814434
2543.00597938144
2607.06651546393
2597.4532371134
2623.08164948454
2632.67393814434
2642.28721649485
2671.12705154639
2776.8101443299
2786.42342268041
2735.16659793815
2559.02111340207
2552.61925773196
2478.94544329897
2462.93030927835
2520.58898969073
2594.24181443299
2536.60412371134
2504.57385567011
2526.99084536084
2478.94544329897
2629.48350515465
2789.6138556701
2796.0157113402
2523.77942268042
2376.45278350516
2366.86049484537
2526.99084536084
2600.66465979383
2738.37802061856
2648.68907216495
2613.46837113403
2568.63439175258
2613.46837113403
2597.4532371134
2632.67393814434
2610.25694845362
2597.4532371134
2533.39270103094
2514.18713402062
2552.61925773196
2533.39270103094
2491.77014432991
2459.73987628866
2504.57385567011
2526.99084536084
2645.49863917527
2623.08164948454
2603.8550927835
2526.99084536084
2635.88536082475
2594.24181443299
2565.42296907217
2472.54358762887
2539.79455670104
2571.82482474227
2546.21740206185
2424.49818556702
2414.88490721651
2443.72474226805
2523.77942268042
2526.99084536084
