17150.8442061856
17102.7988041237
17262.9291546392
17208.4818969072
17195.678185567
16933.0551752577
17000.3061443299
17080.381814433
17250.125443299
17157.2460618557
17298.1708453608
17285.3671340206
17234.1103092783
17041.9496907217
17102.7988041237
17237.3217319588
17352.6181030928
17202.0800412371
17086.7836701031
17163.6479175258
17237.3217319588
17240.5121649485
17237.3217319588
17317.3764123711
17234.1103092783
17243.7235876289
17157.2460618557
17275.7538556701
17202.0800412371
17253.3368659794
17189.2763298969
17365.421814433
17346.2162474227
17275.7538556701
17048.3515463918
17218.0951752577
17330.2011134021
17387.8388041237
17205.2914639175
17234.1103092783
17298.1708453608
17403.8539381443
17230.9198762887
17176.4726185567
17336.6029690722
17426.2709278351
17320.5878350516
17195.678185567
17230.9198762887
17147.6327835052
17243.7235876289
17224.4970309278
17413.4672164948
17346.2162474227
17349.4066804124
17150.8442061856
17256.5272989691
17285.3671340206
17423.0804948454
17237.3217319588
17298.1708453608
17189.2763298969
17234.1103092783
17131.6176494845
17262.9291546392
17326.9896907216
17410.2767835051
17304.5727010309
17307.7841237113
17397.4520824742
17375.0350927835
17294.9594226804
17330.2011134021
17519.1712989691
17410.2767835051
17320.5878350516
17157.2460618557
17359.0199587629
17333.3915463918
17362.2313814433
17272.5424329897
17557.6034226804
17573.5975670103
17583.2108453608
17355.8295257732
17394.2616494845
17435.8842061856
17547.9901443299
17368.6332371134
17375.0350927835
17323.799257732
17333.3915463918
17262.9291546392
17314.1859793815
17480.718185567
17467.9144742268
17362.2313814433
17298.1708453608
17503.1561649485
17467.9144742268
17461.5126185567
17343.0048247423
17499.9447422681
17480.718185567
17391.0502268041
17134.829072165
17288.5575670103
17442.2860618557
17650.4828041237
17419.869072165
17429.4823505155
17413.4672164948
17496.7333195876
17343.0048247423
17397.4520824742
17416.6786391753
17429.4823505155
17346.2162474227
17346.2162474227
17429.4823505155
17496.7333195876
17410.2767835051
17397.4520824742
17592.8241237113
17589.6127010309
17631.2562474227
17503.1561649485
17599.2259793814
17551.1805773196
17602.4374020619
17528.7635876289
17576.8089896907
17397.4520824742
17378.2465154639
17304.5727010309
17564.0052783505
17560.7938556701
17547.9901443299
17445.4974845361
17525.5731546392
17602.4374020619
17602.4374020619
17352.6181030928
17384.648371134
17660.0750927835
17637.6581030928
17400.6635051546
17211.6933195876
17413.4672164948
17506.3465979382
17608.839257732
17487.1410309278
17615.2411134021
17573.5975670103
17589.6127010309
17416.6786391753
17547.9901443299
17573.5975670103
17650.4828041237
17410.2767835051
17429.4823505155
17384.648371134
17480.718185567
17384.648371134
17522.3617319588
17602.4374020619
17676.0902268041
17544.7787216495
17512.7484536083
17637.6581030928
17653.6732371134
17589.6127010309
17499.9447422681
17596.0355463918
17538.3768659794
17551.1805773196
17464.7240412371
17698.5072164949
17653.6732371134
17711.3319175258
17551.1805773196
17695.3167835052
17608.839257732
17602.4374020619
17461.5126185567
17599.2259793814
17669.688371134
17682.4920824742
17461.5126185567
17442.2860618557
17480.718185567
17570.4071340206
17503.1561649485
17541.5882886598
17711.3319175258
17746.5526185567
17612.0506804124
17580.0204123711
17701.7186391753
17656.8846597938
17615.2411134021
17429.4823505155
17547.9901443299
17496.7333195876
17557.6034226804
17442.2860618557
17612.0506804124
17679.3016494846
17794.5980206186
17586.4222680412
17628.0448247423
17580.0204123711
17631.2562474227
17493.5428865979
17653.6732371134
17756.1658969072
17768.9696082474
17544.7787216495
17445.4974845361
17612.0506804124
17692.1053608247
17570.4071340206
17464.7240412371
17596.0355463918
17701.7186391753
17800.9998762887
17685.7035051546
17724.135628866
17634.4676701031
17692.1053608247
17557.6034226804
17624.8543917526
17490.3314639175
17490.3314639175
17519.1712989691
17807.4017319588
17881.0755463917
17817.0150103093
17512.7484536083
17503.1561649485
17554.392
17669.688371134
17554.392
17637.6581030928
17829.8397113402
17778.5828865979
17596.0355463918
17471.1258969072
17634.4676701031
17631.2562474227
17685.7035051546
17624.8543917526
17810.6131546392
17743.362185567
17730.5374845361
17557.6034226804
17749.7640412371
17756.1658969072
17778.5828865979
17487.1410309278
17522.3617319588
17618.4525360825
17781.7943092784
17624.8543917526
17698.5072164949
17778.5828865979
17865.0604123712
17746.5526185567
17679.3016494846
17765.7791752577
17788.1961649485
17733.7489072165
17666.4979381443
17740.1507628866
17679.3016494846
17640.8695257732
17525.5731546392
17746.5526185567
17711.3319175258
17704.9300618557
17586.4222680412
17752.9544742268
17784.984742268
17839.432
17720.9451958763
17817.0150103093
17752.9544742268
17736.9393402062
17528.7635876289
17503.1561649485
17528.7635876289
17736.9393402062
17708.1204948454
17746.5526185567
17829.8397113402
17797.809443299
17698.5072164949
17631.2562474227
17826.6282886598
17784.984742268
17804.2112989691
17692.1053608247
17772.1810309278
17720.9451958763
17685.7035051546
17535.165443299
17704.9300618557
17756.1658969072
17817.0150103093
17647.2713814433
17833.0301443299
17893.879257732
17938.7342268041
17752.9544742268
17797.809443299
17781.7943092784
17778.5828865979
17580.0204123711
17560.7938556701
17772.1810309278
17890.6888247423
17881.0755463917
17788.1961649485
17893.879257732
17826.6282886598
17756.1658969072
17596.0355463918
17797.809443299
17781.7943092784
17826.6282886598
17653.6732371134
17727.3470515464
17634.4676701031
17752.9544742268
17666.4979381443
17772.1810309278
17717.7337731959
17794.5980206186
17695.3167835052
17784.984742268
17797.809443299
17877.8641237113
17791.3865979382
17736.9393402062
17810.6131546392
17733.7489072165
17602.4374020619
17602.4374020619
17893.879257732
17849.0452783505
17855.4471340206
17717.7337731959
17932.3113814433
17865.0604123712
17839.432
17618.4525360825
17775.3924536082
17788.1961649485
17881.0755463917
17586.4222680412
17672.8997938144
17772.1810309278
17925.9095257732
17791.3865979382
17788.1961649485
17881.0755463917
17957.9397938144
17871.4622680412
17736.9393402062
17871.4622680412
17922.7190927835
17874.6736907217
17708.1204948454
17711.3319175258
17592.8241237113
17663.2865154639
17647.2713814433
17839.432
17807.4017319588
17884.2869690722
17765.7791752577
17877.8641237113
17836.2415670103
17906.7039587629
17781.7943092784
17871.4622680412
17772.1810309278
17672.8997938144
17496.7333195876
17653.6732371134
17759.3773195876
17925.9095257732
17858.658556701
17893.879257732
18009.175628866
17906.7039587629
17765.7791752577
17736.9393402062
17925.9095257732
17839.432
17752.9544742268
17602.4374020619
17791.3865979382
17797.809443299
17881.0755463917
17788.1961649485
17919.5076701031
17874.6736907217
17909.8943917526
17653.6732371134
17752.9544742268
17813.8245773196
17980.3567835052
17810.6131546392
17817.0150103093
17800.9998762887
17807.4017319588
17660.0750927835
17730.5374845361
17983.5682061856
17983.5682061856
17868.2718350515
17788.1961649485
17964.3416494845
17919.5076701031
17829.8397113402
17679.3016494846
17855.4471340206
17849.0452783505
17913.105814433
17695.3167835052
17804.2112989691
17765.7791752577
17957.9397938144
17855.4471340206
18028.402185567
17967.553072165
17954.728371134
17797.809443299
17817.0150103093
17874.6736907217
17945.1360824742
17788.1961649485
17714.5223505155
17861.8489896907
17836.2415670103
17829.8397113402
17768.9696082474
17922.7190927835
17909.8943917526
17983.5682061856
17849.0452783505
17919.5076701031
17842.6434226804
17951.5379381443
17807.4017319588
17951.5379381443
17791.3865979382
17717.7337731959
17531.9750103093
17775.3924536082
17954.728371134
18025.1907628866
17842.6434226804
17884.2869690722
17973.9549278351
18044.4173195876
17797.809443299
17762.5677525773
17964.3416494845
18041.2058969072
17941.9246597938
17807.4017319588
17845.8338556701
17800.9998762887
17858.658556701
17765.7791752577
17909.8943917526
17877.8641237113
17935.5228041237
17765.7791752577
17957.9397938144
17989.9700618557
18060.4324536083
17890.6888247423
17919.5076701031
17852.2567010309
17865.0604123712
17692.1053608247
17823.4168659794
17890.6888247423
18041.2058969072
17961.1512164949
17916.2962474227
17973.9549278351
17887.4774020619
17756.1658969072
17829.8397113402
18095.6531546392
17986.7586391753
17941.9246597938
17749.7640412371
17881.0755463917
17858.658556701
17932.3113814433
17765.7791752577
17906.7039587629
17890.6888247423
17986.7586391753
17810.6131546392
17893.879257732
17919.5076701031
17996.3719175258
17768.9696082474
17861.8489896907
17836.2415670103
17897.0906804124
17852.2567010309
17893.879257732
18034.8040412371
17948.3265154639
17829.8397113402
17810.6131546392
18025.1907628866
17989.9700618557
17970.7435051546
17781.7943092784
17980.3567835052
17909.8943917526
17900.2811134021
17612.0506804124
17772.1810309278
17839.432
18063.6228865979
17996.3719175258
18086.0608659794
18031.6136082474
17986.7586391753
17807.4017319588
17893.879257732
17951.5379381443
17977.1663505155
17849.0452783505
17784.984742268
17941.9246597938
17919.5076701031
17884.2869690722
17823.4168659794
17935.5228041237
17884.2869690722
17919.5076701031
17855.4471340206
18012.3870515464
17986.7586391753
18044.4173195876
17900.2811134021
17973.9549278351
17839.432
17810.6131546392
17682.4920824742
17903.4925360825
17973.9549278351
18060.4324536083
17893.879257732
17973.9549278351
18066.8343092783
18073.2361649485
17900.2811134021
17900.2811134021
18086.0608659794
18111.6682886598
17913.105814433
17701.7186391753
17845.8338556701
17877.8641237113
17925.9095257732
17804.2112989691
17941.9246597938
17983.5682061856
18047.628742268
17813.8245773196
17957.9397938144
17938.7342268041
18025.1907628866
17903.4925360825
17906.7039587629
17775.3924536082
17826.6282886598
17736.9393402062
17922.7190927835
18022.0003298969
18044.4173195876
17925.9095257732
17884.2869690722
17932.3113814433
17916.2962474227
17877.8641237113
17845.8338556701
18022.0003298969
17842.6434226804
17791.3865979382
17740.1507628866
17996.3719175258
17989.9700618557
18060.4324536083
17906.7039587629
17989.9700618557
18015.5984742268
18070.0457319588
17826.6282886598
18041.2058969072
18066.8343092783
18047.628742268
17897.0906804124
17884.2869690722
17887.4774020619
18009.175628866
17855.4471340206
17900.2811134021
18166.1155463918
18102.076
17884.2869690722
17861.8489896907
17970.7435051546
18005.9851958763
18095.6531546392
17788.1961649485
17913.105814433
17881.0755463917
17775.3924536082
17772.1810309278
17954.728371134
17900.2811134021
18028.402185567
17929.1209484536
18034.8040412371
18108.4778556701
18146.9099793815
17906.7039587629
17986.7586391753
17909.8943917526
17903.4925360825
17749.7640412371
17679.3016494846
17922.7190927835
18047.628742268
17941.9246597938
17903.4925360825
18018.7889072165
