11552.3899381443
11523.5710927835
11699.7165773196
11747.7619793815
11715.7317113402
11526.7825154639
11462.7219793814
11584.4202061856
11542.7766597938
11446.7068453608
11427.4802886598
11610.0486185567
11594.0334845361
11590.8220618557
11421.0784329897
11581.2297731959
11568.4050721649
11635.6770309278
11478.7371134021
11571.6164948454
11539.5862268041
11552.3899381443
11401.8728659794
11510.7673814433
11645.2693195876
11750.9734020619
11520.3596701031
11408.2747216495
11392.2595876289
11529.9729484536
11526.7825154639
11533.184371134
11661.2844536082
11693.3147216495
11715.7317113402
11536.3748041237
11562.0032164948
11424.2898556701
11552.3899381443
11510.7673814433
11552.3899381443
11433.9031340206
11504.3445360825
11523.5710927835
11712.5412783505
11725.3449896907
11731.7468453608
11603.6467628866
11645.2693195876
11581.2297731959
11578.0183505155
11565.2146391753
11856.6564948454
12176.938185567
12522.8272989691
12596.5011134021
12634.9332371134
13041.6924536083
13320.3305979381
13544.5214845361
13711.0536907216
14108.199628866
14213.9037113402
14300.3812371134
14274.7528247423
14620.6419381443
14729.5364536082
14848.0442474227
14700.7176082474
14886.476371134
14937.7331958763
15004.9841649485
14841.6423917526
15053.0295670103
15216.3713402062
15241.9997525773
15030.6125773196
15040.2048659794
14937.7331958763
14364.4207835051
13688.6367010309
13160.179257732
12804.6768659794
12305.0382680412
11805.4206597938
11325.0086185567
11228.917814433
10883.0077113402
10617.1942680412
10181.6162061856
10091.9272577319
9893.36478350517
9720.40973195876
9259.20325773195
9121.48989690721
9031.82193814433
8878.07245360824
8484.13793814433
8304.78103092784
8179.8713814433
8176.68094845361
7936.47492783505
7686.65562886598
7600.17810309278
7552.13270103093
7388.79092783504
7347.1473814433
7606.57995876289
7869.20296907217
8141.43925773195
8448.9172371134
8807.61006185567
8958.14812371135
9198.3541443299
9361.69591752577
9765.24371134021
9909.37991752576
10181.6162061856
10194.4199175258
10434.6259381443
10665.2186804124
10950.2796701031
10947.0682474227
11177.6609896907
11382.6463092784
11619.6618969072
11581.2297731959
11670.8977319588
11856.6564948454
12093.6720824742
12253.8024329897
12420.355628866
12634.9332371134
12561.2594226804
12535.652
12503.6217319588
12753.4410309278
12715.0089072165
12750.2296082474
12676.5767835052
12875.1392577319
12942.3902268041
12926.3750927835
12849.5108453608
13073.7227216495
13153.7774020619
13265.8833402062
13099.3301443299
13227.4512164949
13214.6265154639
13205.0342268041
13048.0943092784
13118.5567010309
13201.8228041237
13176.1943917526
12993.6470515464
12974.4204948454
13237.0435051546
13265.8833402062
13179.405814433
13195.4209484536
13442.0288247423
13384.3911340206
13259.4814845361
13035.2696082474
13272.2851958763
13371.5664329897
13454.8325360825
13205.0342268041
13224.2397938144
13211.4360824742
13313.928742268
13227.4512164949
13313.928742268
13342.7475876289
13400.3852783505
13192.2095257732
13217.8379381443
13397.1948453608
13518.893072165
13422.823257732
13416.4004123711
13595.7573195876
13525.2949278351
13426.0136907217
13358.7627216495
13614.9838762887
13679.0444123711
13746.2953814433
13528.5063505155
13528.5063505155
13326.7324536082
13118.5567010309
12753.4410309278
12650.948371134
12471.5914639175
12477.9933195876
12215.3703092784
12125.6813608247
11991.1794226804
12003.9831340206
11847.0432164948
11754.1638350515
11635.6770309278
11574.806927835
11504.3445360825
11389.0481649485
11379.4558762887
11308.9934845361
11325.0086185567
11228.917814433
11254.5462268041
11071.9778969072
11084.7816082474
11107.2195876289
11270.5613608248
11200.0989690722
11187.2742680412
10998.3250721649
11004.726927835
10908.6361237113
10953.4701030928
10883.0077113402
10953.4701030928
10950.2796701031
10895.8324123711
10748.5057731959
10822.1585979381
10956.6815257732
11014.3192164948
10892.6209896907
10927.8626804124
11059.174185567
10975.8870927835
10866.9925773196
10799.7416082474
10931.0531134021
10921.4398350515
10860.5907216495
10703.6508041237
10748.5057731959
10834.9832989691
10969.4852371134
10908.6361237113
10953.4701030928
10927.8626804124
11020.7420618557
10905.4247010309
10975.8870927835
10902.2342680412
10991.9022268041
10956.6815257732
11004.726927835
11014.3192164948
10969.4852371134
10786.9378969072
10751.6962061856
10950.2796701031
11084.7816082474
11059.174185567
10966.2948041237
11014.3192164948
10966.2948041237
11027.1439175258
10937.4549690722
11145.6517113402
11084.7816082474
11126.4251546392
10991.9022268041
11007.9173608247
11011.1287835052
11190.4856907216
11200.0989690722
11251.3348041237
11171.2591340206
11184.0838350516
11033.5457731959
11020.7420618557
11097.6063092783
11312.1839175258
11331.4104742268
11347.4256082474
11318.5857731959
11251.3348041237
11308.9934845361
11369.8425979381
11427.4802886598
11264.1385154639
11325.0086185567
11292.9783505155
11475.5256907216
11411.4651546392
11353.8274639175
11216.1141030928
11427.4802886598
11453.1087010309
11449.8972783505
11276.9632164949
11344.214185567
11395.4500206185
11542.7766597938
11494.7522474227
11504.3445360825
11523.5710927835
11571.6164948454
11491.5408247423
11478.7371134021
11597.2239175258
11645.2693195876
11594.0334845361
11533.184371134
11578.0183505155
11453.1087010309
11545.9880824742
11622.8523298969
11911.1037525773
11847.0432164948
11821.4357938144
11677.2995876289
11728.5564123711
11754.1638350515
11843.8527835052
11738.1487010309
11757.375257732
11760.5656907216
11850.2546391753
11731.7468453608
11786.1941030928
11955.9377319588
12106.4757938144
12052.0285360825
12061.641814433
12090.4606597938
11994.3698556701
11911.1037525773
11933.520742268
12180.1286185567
12199.3551752577
12154.5211958763
11978.3547216495
12058.4303917526
12058.4303917526
12167.3249072165
12039.2248247423
12071.2341030928
12045.6266804124
12183.3400412371
12036.0134020619
12144.9079175258
12144.9079175258
12298.6364123711
12273.0289896907
12244.1891546392
12106.4757938144
12096.8625154639
12093.6720824742
12224.9835876289
12362.6969484536
12410.7423505155
12356.2950927835
12321.0534020619
12449.1744742268
12327.4762474227
12314.6515463918
12266.6061443299
12426.7574845361
12314.6515463918
12388.3253608247
12340.2799587629
12529.2501443299
12574.0841237113
12599.6915463918
12465.1896082474
12503.6217319588
12519.6368659794
12561.2594226804
12426.7574845361
12458.7877525773
12644.5465154639
12839.918556701
12763.0333195876
12705.395628866
12759.8428865979
12698.9937731959
12718.1993402062
12698.9937731959
12852.7222680412
12849.5108453608
12913.5713814433
12801.4864329897
12814.2901443299
12686.169072165
12708.5860618557
12586.8878350515
12775.8580206186
12766.244742268
12769.4561649485
12641.3350927835
12782.2598762887
12852.7222680412
12961.6167835052
12910.3809484536
12900.7676701031
12932.7979381443
12932.7979381443
12849.5108453608
12900.7676701031
13105.732
13124.958556701
12958.4053608247
12779.0484536082
12913.5713814433
12996.8374845361
13150.5869690722
13080.1245773196
13179.405814433
