1630.20630927834
1601.38746391754
1566.14577319588
1562.95534020619
1655.83472164948
1675.04028865979
1694.26684536083
1611.00074226804
1611.00074226804
1553.34206185568
1578.97047422681
1550.13063917526
1601.38746391754
1566.14577319588
1530.92507216495
1530.92507216495
1553.34206185568
1578.97047422681
1530.92507216495
1498.89480412371
1415.62870103093
1454.06082474227
1431.64383505156
1492.49294845361
1498.89480412371
1633.41773195877
1675.04028865979
1694.26684536083
1578.97047422681
1710.28197938144
1745.50268041237
1671.84985567011
1470.07595876289
1482.8796701031
1492.49294845361
1460.46268041237
1492.49294845361
1511.69851546391
1550.13063917526
1543.72878350515
1617.40259793814
1636.60816494846
1639.81958762887
1630.20630927834
1604.57789690723
1537.32692783505
1594.98560824743
1524.52321649485
1556.55348453609
1508.50808247423
1627.01587628867
1639.81958762887
1710.28197938144
1630.20630927834
1662.23657731959
1646.22144329897
1684.65356701032
1611.00074226804
1659.02515463918
1607.78931958764
1591.77418556701
1569.35719587629
1559.74391752578
1524.52321649485
1495.68338144331
1505.29665979381
1527.71364948454
1594.98560824743
1585.37232989691
1553.34206185568
1473.26639175258
1569.35719587629
1591.77418556701
1623.80445360824
1546.94020618557
1598.17604123713
1611.00074226804
1607.78931958764
1470.07595876289
1534.11550515464
1527.71364948454
1537.32692783505
1508.50808247423
1636.60816494846
1633.41773195877
1643.01002061856
1614.19117525774
1617.40259793814
1578.97047422681
1505.29665979381
1444.44754639176
1476.477814433
1553.34206185568
1575.7590515464
1598.17604123713
1585.37232989691
1611.00074226804
1646.22144329897
1662.23657731959
1550.13063917526
1649.43286597938
1655.83472164948
1652.62329896907
1575.7590515464
1633.41773195877
1569.35719587629
1530.92507216495
1418.81913402062
1534.11550515464
1620.59303092784
1713.47241237113
1665.448
1585.37232989691
1521.31179381444
1534.11550515464
1598.17604123713
1588.5627628866
1598.17604123713
1582.1609072165
1636.60816494846
1585.37232989691
1572.56861855671
1514.90993814433
1505.29665979381
1495.68338144331
1627.01587628867
1643.01002061856
1729.48754639176
1678.25171134021
1726.29711340206
1614.19117525774
1489.28152577321
1380.38701030929
1492.49294845361
1569.35719587629
1556.55348453609
1537.32692783505
1598.17604123713
1636.60816494846
1604.57789690723
1553.34206185568
1524.52321649485
1582.1609072165
1639.81958762887
1668.63843298969
1505.29665979381
1527.71364948454
1559.74391752578
1614.19117525774
1438.04569072166
1463.67410309279
1511.69851546391
1559.74391752578
1543.72878350515
1578.97047422681
1572.56861855671
1611.00074226804
1639.81958762887
1723.08569072166
1607.78931958764
1505.29665979381
1431.64383505156
1434.83426804123
1492.49294845361
1495.68338144331
1569.35719587629
1627.01587628867
1748.71410309279
1729.48754639176
1671.84985567011
1611.00074226804
1671.84985567011
1636.60816494846
1623.80445360824
1537.32692783505
1578.97047422681
1598.17604123713
1623.80445360824
1556.55348453609
1598.17604123713
1553.34206185568
1559.74391752578
1489.28152577321
1649.43286597938
1735.91039175257
1735.91039175257
1662.23657731959
1588.5627628866
1498.89480412371
1511.69851546391
1463.67410309279
1425.22098969072
1418.81913402062
1505.29665979381
1611.00074226804
1607.78931958764
1633.41773195877
1585.37232989691
1566.14577319588
1546.94020618557
1723.08569072166
1732.69896907216
1671.84985567011
1562.95534020619
1569.35719587629
1482.8796701031
1476.477814433
1476.477814433
1614.19117525774
1671.84985567011
1758.3273814433
1793.54808247423
1892.82931958763
1937.6842886598
1931.26144329897
1931.26144329897
1847.99534020619
1854.3971958763
1860.7990515464
1822.36692783505
1787.14622680412
1867.22189690722
1976.11641237113
2078.58808247424
2017.73896907216
2113.82977319588
2117.02020618557
2181.08074226804
2126.63348453608
2081.79950515465
2024.14082474227
2085.01092783505
2068.99579381444
2149.05047422681
2126.63348453608
2110.61835051547
2149.05047422681
2235.528
2209.92057731958
2145.86004123712
2129.84490721649
2181.08074226804
2267.55826804125
2328.40738144329
2344.42251546392
2245.14127835052
2309.20181443299
2312.39224742269
2344.42251546392
2213.11101030927
2225.91472164949
2238.73942268041
2305.99039175259
2370.05092783505
2520.58898969073
2517.37756701031
2475.73402061856
2398.86977319588
2459.71888659794
2395.67934020619
2286.78482474227
2264.36783505155
2309.20181443299
2360.43764948454
2421.2867628866
2494.9605773196
2533.39270103093
2632.67393814434
2642.28721649485
2639.07579381444
2587.83995876289
2658.30235051548
2687.12119587628
2642.28721649485
2543.00597938144
2600.64367010309
2603.8550927835
2626.27208247423
2559.02111340206
2667.91562886598
2699.9249072165
2760.79501030928
2664.70420618558
2763.98544329897
2783.212
2834.44783505155
2869.6895257732
2837.65925773196
2770.38729896907
2763.98544329897
2760.79501030928
2731.95517525773
2616.65880412371
2600.64367010309
2664.70420618558
2597.4532371134
2728.76474226804
2760.79501030928
2840.84969072165
2840.84969072165
2917.71393814434
2744.77987628867
2664.70420618558
2565.42296907216
2591.03039175258
2575.03624742269
2530.18127835052
2430.90004123712
2559.02111340206
2626.27208247423
2671.10606185568
2594.24181443299
2619.87022680413
2594.24181443299
2578.22668041238
2565.42296907216
2517.37756701031
2632.67393814434
2655.09092783505
2619.87022680413
2475.73402061856
2485.34729896907
2514.1661443299
2584.62853608248
2504.57385567011
2517.37756701031
2575.03624742269
2667.91562886598
2664.70420618558
2632.67393814434
2514.1661443299
2472.54358762887
2434.11146391752
2472.54358762887
2453.31703092783
2453.31703092783
2520.58898969073
2587.83995876289
2552.59826804125
2510.97571134021
2603.8550927835
2674.31748453608
2680.71934020618
2607.0455257732
2568.61340206185
2530.18127835052
2613.46837113403
2591.03039175258
2507.7642886598
2430.90004123712
2568.61340206185
2616.65880412371
2645.47764948454
2610.25694845361
2687.12119587628
2751.18173195877
2719.15146391753
2555.80969072165
2494.9605773196
2491.74915463917
2514.1661443299
2424.49818556702
2430.90004123712
2427.68861855671
2469.33216494846
2523.77942268042
2530.18127835052
2530.18127835052
2526.99084536083
2539.79455670104
2565.42296907216
2626.27208247423
2555.80969072165
2510.97571134021
2456.52845360825
2562.21154639175
2552.59826804125
2591.03039175258
2482.13587628866
2459.71888659794
2379.66420618558
2408.4830515464
2395.67934020619
2619.87022680413
2674.31748453608
2626.27208247423
2562.21154639175
2555.80969072165
2559.02111340206
2536.58313402062
2466.14173195877
2456.52845360825
2549.40783505155
2661.49278350516
2674.31748453608
2482.13587628866
2517.37756701031
2575.03624742269
2696.73447422681
2584.62853608248
2587.83995876289
2533.39270103093
2571.82482474227
2549.40783505155
2543.00597938144
2434.11146391752
2389.25649484537
2414.8849072165
2514.1661443299
2562.21154639175
2591.03039175258
2584.62853608248
2594.24181443299
2600.64367010309
2578.22668041238
2546.19641237115
2440.51331958763
2430.90004123712
2418.09632989692
2462.93030927835
2440.51331958763
2491.74915463917
2418.09632989692
2408.4830515464
2386.06606185568
2510.97571134021
2546.19641237115
2584.62853608248
2523.77942268042
2507.7642886598
2472.54358762887
2437.30189690723
2392.46791752578
2459.71888659794
2424.49818556702
2421.2867628866
2485.34729896907
2584.62853608248
2562.21154639175
2559.02111340206
2635.88536082475
2683.93076288659
2658.30235051548
2632.67393814434
2504.57385567011
2373.24136082474
2370.05092783505
2395.67934020619
2405.27162886598
2347.63393814433
2466.14173195877
2530.18127835052
2575.03624742269
2494.9605773196
2543.00597938144
2526.99084536083
2498.15101030928
2459.71888659794
2571.82482474227
2552.59826804125
2533.39270103093
2472.54358762887
2501.3624329897
2475.73402061856
2491.74915463917
2424.49818556702
2395.67934020619
2450.12659793815
2446.91517525773
2571.82482474227
2459.71888659794
2536.58313402062
2478.94544329897
2443.70375257733
2350.82437113402
2376.45278350515
2395.67934020619
2459.71888659794
2462.93030927835
2578.22668041238
2543.00597938144
2517.37756701031
2523.77942268042
2629.48350515465
2616.65880412371
2501.3624329897
2424.49818556702
2482.13587628866
2555.80969072165
2575.03624742269
2507.7642886598
2418.09632989692
2482.13587628866
2594.24181443299
2568.61340206185
2443.70375257733
2443.70375257733
2424.49818556702
2466.14173195877
2328.40738144329
2395.67934020619
2418.09632989692
2408.4830515464
2363.64907216495
2386.06606185568
2299.58853608248
2347.63393814433
2350.82437113402
2408.4830515464
2498.15101030928
2559.02111340206
2533.39270103093
2619.87022680413
2491.74915463917
2350.82437113402
2370.05092783505
2363.64907216495
2459.71888659794
2446.91517525773
2427.68861855671
2421.2867628866
2523.77942268042
2504.57385567011
2488.55872164948
2360.43764948454
2459.71888659794
2555.80969072165
2616.65880412371
2501.3624329897
2514.1661443299
2539.79455670104
2571.82482474227
2427.68861855671
2504.57385567011
2475.73402061856
2536.58313402062
2575.03624742269
2600.64367010309
2584.62853608248
2591.03039175258
2581.43810309279
2530.18127835052
2510.97571134021
2578.22668041238
2594.24181443299
2462.93030927835
2466.14173195877
2376.45278350515
2392.46791752578
2363.64907216495
2411.69447422681
2430.90004123712
2472.54358762887
2427.68861855671
2491.74915463917
2443.70375257733
2414.8849072165
2376.45278350515
2517.37756701031
2459.71888659794
2379.66420618558
2334.8092371134
2472.54358762887
2539.79455670104
2526.99084536083
2459.71888659794
2408.4830515464
2543.00597938144
2635.88536082475
2667.91562886598
2482.13587628866
2414.8849072165
2392.46791752578
2466.14173195877
2379.66420618558
2421.2867628866
2475.73402061856
2568.61340206185
2514.1661443299
2552.59826804125
2536.58313402062
2571.82482474227
2523.77942268042
2568.61340206185
2526.99084536083
2507.7642886598
2555.80969072165
2610.25694845361
2559.02111340206
2478.94544329897
2450.12659793815
2491.74915463917
2501.3624329897
2501.3624329897
2520.58898969073
2517.37756701031
2562.21154639175
2562.21154639175
2504.57385567011
2379.66420618558
2421.2867628866
2411.69447422681
2360.43764948454
2309.20181443299
2363.64907216495
2386.06606185568
2466.14173195877
2386.06606185568
2411.69447422681
2434.11146391752
2523.77942268042
2549.40783505155
2559.02111340206
2446.91517525773
2373.24136082474
2408.4830515464
2430.90004123712
2475.73402061856
2488.55872164948
2498.15101030928
2446.91517525773
2539.79455670104
2559.02111340206
2533.39270103093
2469.33216494846
2587.83995876289
2591.03039175258
2616.65880412371
2498.15101030928
2494.9605773196
2443.70375257733
2478.94544329897
2402.08119587629
2498.15101030928
2437.30189690723
2450.12659793815
2510.97571134021
2581.43810309279
2584.62853608248
2559.02111340206
2575.03624742269
2562.21154639175
2562.21154639175
2523.77942268042
2443.70375257733
2318.8150927835
2443.70375257733
2446.91517525773
2498.15101030928
2427.68861855671
2453.31703092783
2440.51331958763
2475.73402061856
2395.67934020619
2450.12659793815
2418.09632989692
2370.05092783505
2331.61880412371
2418.09632989692
2341.23208247423
2408.4830515464
2469.33216494846
2491.74915463917
2478.94544329897
2517.37756701031
2539.79455670104
2591.03039175258
2683.93076288659
2584.62853608248
2488.55872164948
2392.46791752578
2379.66420618558
2354.03579381444
2357.24721649485
2296.37711340206
2376.45278350515
2485.34729896907
2571.82482474227
2523.77942268042
2504.57385567011
2456.52845360825
2427.68861855671
2402.08119587629
2446.91517525773
2462.93030927835
2437.30189690723
2459.71888659794
2466.14173195877
2386.06606185568
2366.83950515464
2341.23208247423
2437.30189690723
2491.74915463917
2482.13587628866
2478.94544329897
2488.55872164948
2594.24181443299
2626.27208247423
2475.73402061856
