11321.7971958763
11283.365072165
11401.8728659794
11417.888
11581.2297731959
11568.405072165
11952.7472989691
12308.2496907217
12670.1539381443
12782.2598762887
12980.8223505155
13163.3906804124
13426.0136907217
13377.9682886598
13605.3705979382
13896.833443299
14114.6224742268
14121.0243298969
14159.4564536083
14345.2152164949
14434.8831752577
14447.7078762887
14447.7078762887
14700.7176082474
14684.7024742268
14684.7024742268
14569.4061030928
14780.7932783505
14803.2102680413
14835.2405360825
14681.5120412371
14796.8084123712
14723.1345979382
14684.7024742268
14489.3304329897
14707.1194639175
14848.0442474227
14876.8630927835
14659.0950515464
14681.5120412371
14723.1345979382
14700.7176082474
14486.14
14498.9437113402
14755.1648659794
14774.3914226804
14627.0647835052
14473.3152989691
14694.3157525773
14665.4969072165
14707.1194639175
14575.8079587629
14758.3762886598
14748.7630103093
14774.3914226804
14572.6175257732
14665.4969072165
14723.1345979382
14803.2102680413
14678.3006185567
14729.5364536083
14633.4666391753
14595.0345154639
14492.5418556701
14623.8533608248
14780.7932783505
14841.6423917526
14723.1345979382
14665.4969072165
14870.4612371134
14816.0139793815
14687.9138969072
14559.7928247423
14777.5818556701
14748.7630103093
14678.3006185567
14524.5721237114
14697.5271752577
14755.1648659794
14931.3103505155
14864.0593814433
15001.7727422681
14924.9084948454
14873.6726597938
14668.6873402062
14796.8084123712
14880.0745154639
14835.2405360825
14409.2757525773
14037.7372371134
13791.1293608248
13640.6122886598
13445.2402474227
13368.376
13345.9380206186
13214.6265154639
12968.0186391753
12820.692
12894.365814433
12702.1842061856
12599.7125360825
12423.5460618557
12477.9933195876
12365.908371134
12279.4308453608
12103.264371134
12237.7872989691
12285.8327010309
12353.0836701031
12100.0739381443
12029.6115463918
11933.5207422681
11959.1491546392
11789.4055257732
11882.2849072165
11962.3605773196
11997.5812783505
11872.671628866
11763.7771134021
11808.6110927835
11815.0129484536
11747.7619793815
11690.1242886598
11741.3601237114
11686.9128659794
11734.9582680413
11584.4202061856
11635.6770309279
11622.8523298969
11805.4206597938
11709.3298556701
11731.7468453608
11562.0032164949
11526.7825154639
11449.8972783505
11667.6863092784
11702.928
11766.9885360825
11626.0637525773
11629.254185567
11565.2146391753
11606.8371958763
11600.4353402062
11664.4958762887
11786.1941030928
11728.5564123712
11597.2239175258
11558.7917938144
11779.7922474227
11738.1487010309
11757.375257732
11616.4504742268
11715.7317113402
11667.6863092784
11683.701443299
11539.5862268041
11670.8977319588
11773.3903917526
11901.4904742268
11744.5715463918
11718.9431340206
11642.078886598
11786.1941030928
11741.3601237114
11795.8073814433
11827.8376494845
11923.9074639175
11859.8679175258
11799.0188041237
11866.2697731959
11831.0280824742
11792.5959587629
11789.4055257732
11859.8679175258
11786.1941030928
11763.7771134021
11658.0940206186
11847.0432164949
11879.0734845361
11962.3605773196
11811.8225154639
11891.898185567
11859.8679175258
11965.5510103093
11875.8830515464
12000.7927010309
12003.9831340206
12058.4303917526
11943.1340206186
11875.8830515464
11834.2395051547
11997.5812783505
12045.6266804124
12103.264371134
12164.1344742268
12096.8625154639
11978.3547216495
11959.1491546392
12112.8776494846
