17544.7997113402
17503.1561649485
17522.3827216495
17496.7543092783
17586.443257732
17711.3529072165
17676.1112164948
17583.2318350515
17455.1107628866
17615.2621030928
17560.8148453608
17660.0960824742
17538.3978556701
17717.7547628866
17631.2772371134
17608.8602474227
17451.9203298969
17570.4281237113
17583.2318350515
17788.2171546392
17669.7093608247
17801.0208659794
17756.1868865979
17749.7850309278
17573.618556701
17624.8753814433
17756.1868865979
17746.5736082474
17531.996
17464.7240412371
17666.4979381443
17720.9451958763
17618.4525360825
17531.996
17746.5736082474
17743.362185567
17785.0057319588
17589.6336907216
17682.5130721649
17679.3226391753
17826.6492783505
17653.6942268041
17727.3470515464
17647.292371134
17621.6639587629
17499.9657319588
17708.1414845361
17817.036
17849.0662680412
17624.8753814433
17666.4979381443
17788.2171546392
17849.0662680412
17768.9905979381
17685.7244948454
17768.9905979381
17801.0208659794
17772.2020206186
17615.2621030928
17765.8001649485
17714.5433402062
17874.6946804124
17775.3924536082
17903.5135257732
17868.2718350515
17884.2869690722
17695.3377731959
17823.4378556701
17826.6492783505
17916.3172371134
17768.9905979381
17829.8397113402
17749.7850309278
17804.2322886598
17711.3529072165
17765.8001649485
17957.9607835052
17970.7644948454
17865.0814020618
17807.4227216495
17906.7039587629
17858.6795463917
17810.6341443299
17813.8245773196
17954.7493608247
17762.588742268
17672.8997938144
17557.6034226804
17804.2322886598
17893.9002474227
17983.5891958763
17817.036
17967.5740618557
17957.9607835052
17961.1512164949
17717.7547628866
17839.4529896907
17890.6888247423
17900.3021030928
17740.1717525773
17746.5736082474
17842.6644123711
17970.7644948454
17941.9456494845
17980.3777731959
18114.9007010309
18060.453443299
17945.1360824742
17752.9754639175
18009.1966185567
18031.6136082474
18073.2571546392
17897.1116701031
18009.1966185567
17916.3172371134
17877.8851134021
17708.1414845361
17865.0814020618
17865.0814020618
18028.4231752577
18006.006185567
18146.9099793814
18082.8704329897
18095.6741443299
17852.2567010309
17871.483257732
17996.3929072165
17970.7644948454
17775.3924536082
17720.9451958763
17941.9456494845
18025.2117525773
18034.8250309278
17932.332371134
18079.6590103093
18002.7947628866
18009.1966185567
17836.2415670103
17993.1814845361
18034.8250309278
18140.5081237113
17961.1512164949
17977.1663505155
17865.0814020618
17839.4529896907
17749.7850309278
17986.779628866
18102.076
18137.3176907216
17964.3626391753
18034.8250309278
18095.6741443299
18143.7195463917
18054.0305979381
18047.628742268
18108.4778556701
18057.2420206186
17877.8851134021
17813.8245773196
18130.9158350515
18166.1365360825
18169.3479587629
17993.1814845361
18130.9158350515
18098.8855670103
18124.4929896907
17945.1360824742
18102.076
18143.7195463917
18185.3630927835
17961.1512164949
17954.7493608247
17970.7644948454
18086.0608659794
17935.5437938144
17964.3626391753
18082.8704329897
18191.7649484536
18095.6741443299
18038.0154639175
18175.749814433
18198.1668041237
18137.3176907216
18012.4080412371
18044.4383092783
17932.332371134
17941.9456494845
17823.4378556701
18086.0608659794
18162.9251134021
18297.4480412371
18034.8250309278
18108.4778556701
18063.6438762887
18124.4929896907
17961.1512164949
18076.4685773196
18054.0305979381
18105.2874226804
17961.1512164949
17977.1663505155
18012.4080412371
18095.6741443299
18044.4383092783
18066.8552989691
18220.5837938144
18185.3630927835
18134.1062680412
18044.4383092783
18307.0613195876
18300.6594639175
18316.6745979382
17999.5833402062
18022.0213195876
17916.3172371134
17989.9910515464
17964.3626391753
18191.7649484536
18182.1516701031
18262.2273402062
18175.749814433
18275.0310515464
18178.9402474227
18130.9158350515
18015.5984742268
18092.4627216495
18262.2273402062
18233.3875051546
18009.1966185567
17919.5286597938
18156.523257732
18201.3572371134
18143.7195463917
18066.8552989691
18252.6140618557
18223.7952164948
18217.372371134
18063.6438762887
18323.0764536083
18323.0764536083
18316.6745979382
18070.0457319588
18082.8704329897
18057.2420206186
18201.3572371134
18127.7044123711
18223.7952164948
18294.2576082474
18294.2576082474
18146.9099793814
18143.7195463917
18146.9099793814
18303.8498969072
18233.3875051546
18217.372371134
18284.6443298969
18313.4631752577
18201.3572371134
18073.2571546392
18278.2424742268
18220.5837938144
18329.4783092783
18217.372371134
18371.1218556701
18226.9856494845
18137.3176907216
18060.453443299
18236.598927835
18278.2424742268
18230.1970721649
17977.1663505155
18121.302556701
18185.3630927835
18313.4631752577
18146.9099793814
18175.749814433
18226.9856494845
18319.8650309278
18214.1819381443
18166.1365360825
18310.2517525773
18316.6745979382
18262.2273402062
18178.9402474227
18249.4026391753
18031.6136082474
18063.6438762887
18086.0608659794
18377.5237113402
18374.3122886598
18374.3122886598
18118.0911340206
18275.0310515464
18294.2576082474
18358.2971546392
18118.0911340206
18214.1819381443
18191.7649484536
18259.0159175258
18166.1365360825
18226.9856494845
18371.1218556701
18409.5539793814
18278.2424742268
18307.0613195876
18467.1916701031
18447.9861030928
18323.0764536083
18153.3328247423
18374.3122886598
18412.7444123711
18428.7595463918
18150.1214020618
18201.3572371134
18140.5081237113
18281.4329072165
18182.1516701031
18300.6594639175
18246.2122061856
18367.9104329897
18271.819628866
18396.7292783505
18367.9104329897
18390.3274226804
18239.8103505155
18226.9856494845
18268.6291958763
18291.046185567
18095.6741443299
18111.6892783505
18367.9104329897
18435.1614020619
18399.9407010309
18300.6594639175
18367.9104329897
18268.6291958763
18294.2576082474
18284.6443298969
18457.5993814433
18335.8801649485
18259.0159175258
18050.8401649484
18275.0310515464
18345.493443299
18387.1369896907
18114.9007010309
18246.2122061856
18403.1521237113
18496.0315051546
18268.6291958763
18303.8498969072
18390.3274226804
18505.6237938144
18403.1521237113
18294.2576082474
18291.046185567
18259.0159175258
18246.2122061856
18262.2273402062
18544.0559175258
18496.0315051546
18444.7746804124
18259.0159175258
18435.1614020619
18348.7048659794
18358.2971546392
18169.3479587629
18348.7048659794
18367.9104329897
18409.5539793814
18159.7346804124
18204.5686597938
18265.4177731959
18447.9861030928
18313.4631752577
18294.2576082474
18358.2971546392
18454.3879587629
18374.3122886598
18364.6990103093
18566.4729072165
18524.8503505155
18345.493443299
18102.076
18194.9553814433
18182.1516701031
18345.493443299
18323.0764536083
18512.0466391753
18489.6086597938
18576.086185567
18377.5237113402
18431.9709690722
18351.8952989691
18444.7746804124
18300.6594639175
18374.3122886598
18345.493443299
18339.0915876289
18236.598927835
18390.3274226804
18480.016371134
18483.2068041237
18364.6990103093
18358.2971546392
18553.6691958763
18496.0315051546
18441.5842474227
18358.2971546392
18579.2976082474
18528.0407835052
18415.9558350515
18111.6892783505
18233.3875051546
18252.6140618557
18335.8801649485
18255.8044948453
18492.8200824742
18524.8503505155
18556.8806185567
18323.0764536083
18441.5842474227
18473.5935257732
18544.0559175258
18303.8498969072
18223.7952164948
18335.8801649485
18454.3879587629
18313.4631752577
18326.2668865979
18515.2370721649
18560.0710515464
18457.5993814433
18342.2820206186
18447.9861030928
18403.1521237113
18528.0407835052
18444.7746804124
18630.533443299
18508.8352164948
18454.3879587629
18188.5535257732
18319.8650309278
18415.9558350515
18515.2370721649
18348.7048659794
18409.5539793814
18486.4182268041
18560.0710515464
18339.0915876289
18342.2820206186
18412.7444123711
18515.2370721649
18387.1369896907
18316.6745979382
18403.1521237113
18419.1462680412
18467.1916701031
18393.5388453608
18598.5031752577
18531.2522061856
18489.6086597938
18342.2820206186
18524.8503505155
18457.5993814433
18512.0466391753
18355.1067216495
18480.016371134
18335.8801649485
18326.2668865979
18191.7649484536
18374.3122886598
18447.9861030928
18547.2673402062
18393.5388453608
18396.7292783505
18467.1916701031
18473.5935257732
18393.5388453608
18422.3576907216
18633.7448659794
18569.6843298969
18367.9104329897
18226.9856494845
18438.3728247423
18515.2370721649
18582.4880412371
18380.7141443299
18569.6843298969
18560.0710515464
18601.7145979381
18361.5085773196
18483.2068041237
18492.8200824742
18540.8654845361
18278.2424742268
18348.7048659794
18358.2971546392
18415.9558350515
18348.7048659794
18464.0012371134
18582.4880412371
18646.5485773196
18515.2370721649
18435.1614020619
18531.2522061856
18556.8806185567
18518.4484948454
18454.3879587629
18617.7297319588
18598.5031752577
18496.0315051546
18310.2517525773
18428.7595463918
18403.1521237113
18467.1916701031
18313.4631752577
18464.0012371134
18502.4333608247
18576.086185567
18435.1614020619
18496.0315051546
18499.2219381443
18566.4729072165
18419.1462680412
18383.9255670103
18425.5691134021
18489.6086597938
18441.5842474227
18521.638927835
18707.3976907216
18652.9504329897
18486.4182268041
18383.9255670103
18496.0315051546
18457.5993814433
18502.4333608247
18451.1765360825
18620.9201649484
18531.2522061856
18508.8352164948
18329.4783092783
18512.0466391753
18512.0466391753
18476.8049484536
18326.2668865979
18508.8352164948
18537.6540618557
18588.9108865979
18422.3576907216
18556.8806185567
18720.2223917526
18733.0261030928
18454.3879587629
18287.8347628866
18412.7444123711
18518.4484948454
18585.6994639175
18540.8654845361
18729.8146804124
18649.76
18553.6691958763
18361.5085773196
18492.8200824742
18492.8200824742
18560.0710515464
18348.7048659794
18451.1765360825
18454.3879587629
18480.016371134
18399.9407010309
18537.6540618557
18611.3278762887
18733.0261030928
18502.4333608247
18425.5691134021
18521.638927835
18601.7145979381
18572.8957525773
18595.312742268
18627.3430103093
18540.8654845361
18380.7141443299
18307.0613195876
18486.4182268041
18502.4333608247
18553.6691958763
18492.8200824742
18636.9352989691
18620.9201649484
18675.3674226804
18492.8200824742
18592.1013195876
18656.1618556701
18652.9504329897
18428.7595463918
18403.1521237113
18361.5085773196
18467.1916701031
18489.6086597938
18691.382556701
18704.207257732
18672.1769896907
18544.0559175258
18540.8654845361
18630.533443299
18572.8957525773
18489.6086597938
18470.4030927835
18684.9807010309
18604.9260206186
18403.1521237113
18252.6140618557
18499.2219381443
18521.638927835
18585.6994639175
18332.6897319587
18544.0559175258
18611.3278762887
18726.6242474227
18560.0710515464
18656.1618556701
18592.1013195876
18582.4880412371
18374.3122886598
18364.6990103093
18496.0315051546
18608.1164536083
18515.2370721649
18521.638927835
18745.829814433
18729.8146804124
18505.6237938144
18284.6443298969
18399.9407010309
18492.8200824742
18649.76
18486.4182268041
18534.463628866
18464.0012371134
18524.8503505155
18390.3274226804
18550.4787628866
18518.4484948454
18598.5031752577
18457.5993814433
18617.7297319588
18656.1618556701
18662.5637113402
