10678.0433814433
10658.837814433
10918.2494020619
11036.7571958763
11401.8728659794
11536.3957938144
11904.7018969072
12212.1798762887
12455.5973195876
12458.7877525773
12682.9786391753
12916.7828041237
13086.5264329897
13083.336
13278.7080412371
13467.6572371134
13541.3310515464
13438.8383917526
13432.4365360825
13775.1352164949
13851.9994639175
13858.4013195876
13682.2558350516
13861.612742268
13851.9994639175
13935.2655670103
13800.7426391753
14034.5468041237
14117.8338969072
14204.3114226804
13967.2958350515
14028.1449484536
13954.4921237113
13970.507257732
13835.9843298969
14053.7733608247
14185.0848659794
14236.3207010309
14040.9696494845
13916.06
13986.5223917526
13948.0692783505
13781.537072165
13711.0746804124
13909.6371546392
13855.1898969072
13794.3407835052
13720.6879587629
13948.0692783505
13954.4921237113
13957.682556701
13727.089814433
13912.8485773196
13829.5824742268
13810.3559175258
13666.2407010309
13842.386185567
13980.0995463918
14028.1449484536
13784.7275051547
13739.8935257732
13848.7880412371
14021.7430927835
13941.6674226804
13909.6371546392
13964.0844123711
14056.9637938144
13948.0692783505
13791.1503505155
13877.6278762887
13896.833443299
13919.2504329897
13816.7577731959
13935.2655670103
13819.9691958763
13903.2352989691
13893.6220206186
14153.0545979382
14165.8583092784
14175.4715876289
13948.0692783505
14024.9545154639
13948.0692783505
13964.0844123711
13896.833443299
14069.7884948454
13948.0692783505
13480.4819381443
12779.069443299
12337.0895257732
12119.3004948454
11863.0793402062
11373.0540206186
10972.6966597938
10796.5511752577
10521.1034639175
10216.8578969072
9845.31938144331
9864.54593814433
9595.52107216496
9345.70177319589
8926.13884536083
8807.6310515464
8689.12325773197
8679.50997938146
8464.93237113402
8352.8264329897
8208.71121649486
8090.20342268043
7795.5501443299
7632.20837113403
7523.31385567011
7545.73084536083
7369.58536082475
7212.64544329897
7113.36420618558
7023.67525773196
6901.97703092784
6809.09764948455
6866.75632989692
6713.00684536083
6588.11818556702
6440.77055670104
6424.77641237114
6242.20808247423
6200.56453608249
6069.25303092784
6133.31356701031
6078.86630927837
5969.97179381445
5707.34878350516
5691.33364948455
5643.28824742269
5713.75063917526
5527.99187628867
5499.17303092785
5460.7409072165
5460.7409072165
5255.75558762888
5086.01195876289
5066.78540206187
5121.23265979382
5079.61010309278
4977.11744329898
4977.11744329898
4916.26832989692
4858.60964948455
4845.80593814433
4929.07204123712
4839.40408247423
4717.6848659794
4535.1375257732
4480.69026804124
4432.64486597939
4551.15265979383
4522.31282474227
4503.10725773197
4423.03158762887
4391.00131958764
4250.07653608249
4176.42371134021
4147.60486597939
4262.90123711341
4195.62927835053
4131.58973195876
4029.09707216496
4009.87051546393
3868.94573195877
3804.90618556702
3888.17228865981
3868.94573195877
3862.54387628867
3840.12688659795
4000.25723711341
4099.55946391753
4378.19760824742
4608.79035051547
4826.57938144332
4871.41336082475
4961.10230927835
4865.01150515465
4861.82107216496
4848.99637113402
5044.36841237114
5236.52903092784
5470.3331958763
5476.75604123712
5531.18230927836
5531.18230927836
5723.36391752579
5969.97179381445
5992.38878350516
5867.47913402063
5880.30383505155
6069.25303092784
6171.74569072166
6264.62507216495
6357.50445360825
6616.93703092784
