1530.92507216496
1502.10622680413
1569.35719587629
1633.41773195876
1659.0461443299
1665.448
1755.11595876289
1659.0461443299
1617.40259793814
1543.74977319589
1591.77418556702
1591.77418556702
1649.4328659794
1591.77418556702
1540.53835051546
1569.35719587629
1739.10082474227
1751.9255257732
1751.9255257732
1649.4328659794
1691.07641237114
1707.09154639175
1703.88012371135
1569.35719587629
1601.38746391753
1546.94020618558
1540.53835051546
1562.95534020619
1518.12136082475
1527.73463917527
1617.40259793814
1662.23657731959
1623.80445360826
1671.84985567011
1665.448
1710.28197938146
1707.09154639175
1755.11595876289
1703.88012371135
1636.62915463917
1550.15162886599
1633.41773195876
1623.80445360826
1540.53835051546
1450.87039175259
1534.13649484537
1620.61402061857
1755.11595876289
1697.47826804125
1764.72923711341
1742.31224742268
1678.25171134021
1668.65942268042
1633.41773195876
1627.01587628867
1620.61402061857
1559.76490721651
1373.98515463919
1476.477814433
1655.83472164949
1790.35764948455
1735.91039175258
1719.89525773196
1716.68383505156
1819.17649484536
1819.17649484536
1819.17649484536
1665.448
1582.18189690722
1521.31179381444
1575.7590515464
1550.15162886599
1569.35719587629
1575.7590515464
1739.10082474227
1793.54808247423
1735.91039175258
1751.9255257732
1761.53880412372
1678.25171134021
1630.20630927835
1659.0461443299
1662.23657731959
1716.68383505156
1665.448
1681.46313402063
1623.80445360826
1681.46313402063
1703.88012371135
1726.29711340206
1681.46313402063
1758.32738144331
1783.95579381444
1739.10082474227
1623.80445360826
1678.25171134021
1659.0461443299
1659.0461443299
1578.97047422681
1611.00074226804
1620.61402061857
1671.84985567011
1700.66870103093
1675.06127835053
1649.4328659794
1716.68383505156
1806.37278350517
1755.11595876289
1751.9255257732
1627.01587628867
1598.19703092784
1553.34206185568
1594.98560824743
1502.10622680413
1543.74977319589
1598.19703092784
1793.54808247423
1745.5236701031
1687.86498969073
1582.18189690722
1652.64428865981
1591.77418556702
1537.32692783505
1466.86453608247
1550.15162886599
1562.95534020619
1607.78931958764
1575.7590515464
1530.92507216496
1543.74977319589
1556.5534845361
1655.83472164949
1697.47826804125
1767.94065979382
1729.50853608247
1739.10082474227
1594.98560824743
1598.19703092784
1562.95534020619
1649.4328659794
1582.18189690722
1617.40259793814
1611.00074226804
1646.22144329897
1585.37232989691
1665.448
1646.22144329897
1684.65356701032
1755.11595876289
1921.66915463918
1889.63888659794
1799.97092783505
1713.49340206185
1678.25171134021
1691.07641237114
1614.21216494845
1562.95534020619
1559.76490721651
1723.10668041238
1783.95579381444
1751.9255257732
1604.59888659795
1655.83472164949
1671.84985567011
1697.47826804125
1646.22144329897
1687.86498969073
1639.81958762887
1588.58375257732
1562.95534020619
1572.56861855672
1578.97047422681
1559.76490721651
1550.15162886599
1649.4328659794
1710.28197938146
1745.5236701031
1723.10668041238
1665.448
1611.00074226804
1594.98560824743
1601.38746391753
1511.71950515464
1601.38746391753
1620.61402061857
1627.01587628867
1652.64428865981
1726.29711340206
1684.65356701032
1700.66870103093
1646.22144329897
1739.10082474227
1748.71410309279
1655.83472164949
1521.31179381444
1572.56861855672
1575.7590515464
1588.58375257732
1466.86453608247
1585.37232989691
1713.49340206185
1815.98606185568
1793.54808247423
1780.74437113403
1812.77463917527
1908.86544329899
1963.31270103094
1847.99534020619
1867.22189690721
1844.8049072165
1860.82004123712
1767.94065979382
1803.16136082474
1777.53294845361
1883.23703092785
1889.63888659794
2033.77509278351
2068.99579381445
2091.41278350516
2056.19208247424
2110.63934020618
2094.62420618557
2094.62420618557
2020.95039175259
2056.19208247424
2036.96552577319
2068.99579381445
2139.45818556701
2165.08659793815
2200.30729896907
2203.51872164948
2270.76969072166
2254.75455670104
2302.79995876289
2289.99624742268
2322.00552577319
2241.95084536083
2267.55826804125
2241.95084536083
2296.39810309278
2293.18668041237
2331.61880412372
2366.86049484537
2462.93030927835
2434.11146391754
2437.32288659795
2411.69447422681
2475.75501030928
2514.18713402063
2578.22668041236
2510.97571134022
2411.69447422681
2466.14173195876
2501.3624329897
2488.55872164949
2485.34729896908
2565.42296907217
2597.45323711341
2683.93076288659
2712.74960824742
2709.55917525773
2639.09678350517
2738.37802061856
2722.36288659794
2667.91562886599
2581.43810309278
2690.33261855671
2699.94589690721
2728.76474226805
2591.05138144331
2648.68907216495
2651.90049484537
2709.55917525773
2690.33261855671
2824.85554639176
2876.09138144332
2904.91022680413
2956.16705154641
2927.34820618558
2834.46882474227
2796.01571134021
2799.22713402062
2770.4082886598
2767.19686597939
2722.36288659794
2840.87068041238
2920.92536082474
3039.43315463918
2959.35748453609
2866.47810309278
2783.212
2834.46882474227
2741.56845360826
2607.06651546391
2382.87562886599
2427.70960824743
2434.11146391754
2459.73987628867
2414.8849072165
2469.33216494846
2402.08119587629
2334.83022680413
2302.79995876289
2360.43764948455
2408.4830515464
2443.72474226804
2366.86049484537
2235.54898969072
2232.33756701031
2181.10173195876
2152.26189690722
2017.75995876289
2052.98065979383
1960.10127835053
1985.72969072165
1985.72969072165
2136.2467628866
2133.05632989691
2107.42791752577
2014.54853608248
1995.32197938145
1947.2975670103
1924.88057731959
1902.44259793815
1915.26729896908
1864.0104742268
1828.78977319588
1838.4030515464
1854.41818556702
1867.22189690721
1838.4030515464
1815.98606185568
1819.17649484536
1886.42746391753
1835.191628866
1803.16136082474
1723.10668041238
1774.34251546391
1783.95579381444
1735.91039175258
1601.38746391753
1691.07641237114
1742.31224742268
1774.34251546391
1633.41773195876
1627.01587628867
1620.61402061857
1700.66870103093
1675.06127835053
1643.03101030928
1463.67410309278
1373.98515463919
1422.03055670104
1502.10622680413
1482.8796701031
1495.70437113402
1569.35719587629
1543.74977319589
1614.21216494845
1572.56861855672
1518.12136082475
1444.44754639176
1524.52321649485
1527.73463917527
1489.30251546392
1338.76445360827
1380.408
1341.97587628868
1303.5227628866
1172.21125773196
1204.24152577319
1220.25665979383
1325.96074226804
1364.39286597939
1441.25711340207
1502.10622680413
1588.58375257732
1614.21216494845
1556.5534845361
1521.31179381444
1486.09109278351
1556.5534845361
1527.73463917527
1585.37232989691
1659.0461443299
1793.54808247423
1700.66870103093
1729.50853608247
1719.89525773196
1867.22189690721
1912.05587628866
1928.07101030929
1796.75950515464
1729.50853608247
1703.88012371135
1812.77463917527
1726.29711340206
1780.74437113403
1809.56321649486
1972.90498969072
1992.13154639176
1995.32197938145
2059.38251546392
2085.01092783504
2085.01092783504
2068.99579381445
2081.79950515465
1988.92012371134
2068.99579381445
2136.2467628866
2133.05632989691
1992.13154639176
2052.98065979383
2094.62420618557
2149.07146391754
2168.27703092784
2267.55826804125
2184.29216494846
2168.27703092784
2219.53385567012
2315.6036701031
2286.78482474228
2245.14127835052
2206.70915463917
2312.4132371134
2315.6036701031
2296.39810309278
2370.05092783505
2405.29261855672
2453.33802061857
2421.30775257731
2453.33802061857
2504.57385567011
2648.68907216495
2632.67393814433
2536.60412371134
2421.30775257731
2491.7701443299
2494.96057731959
2510.97571134022
2459.73987628867
2591.05138144331
2658.30235051547
2767.19686597939
2741.56845360826
2808.84041237114
2805.62898969073
2776.81014432989
2642.28721649486
2645.49863917528
2594.241814433
2626.27208247423
2687.12119587629
2648.68907216495
2555.80969072165
2552.61925773196
2715.96103092785
2869.6895257732
3090.68997938145
3100.28226804124
3029.81987628866
2879.30280412373
2882.49323711342
2821.64412371135
2844.06111340206
2792.82527835053
2863.28767010311
2751.18173195877
2610.25694845361
2510.97571134022
2619.87022680414
2600.66465979382
2568.63439175258
2491.7701443299
2594.241814433
2706.34775257732
2735.16659793815
2747.99129896908
2623.08164948455
2671.1270515464
2735.16659793815
2789.6138556701
2731.97616494846
2805.62898969073
2812.03084536083
2786.42342268041
2597.45323711341
2523.77942268043
2597.45323711341
2747.99129896908
2651.90049484537
2597.45323711341
2536.60412371134
2600.66465979382
2629.48350515464
2671.1270515464
2600.66465979382
2607.06651546391
2581.43810309278
2783.212
2783.212
2728.76474226805
2699.94589690721
2677.5289072165
2597.45323711341
2498.17200000001
2494.96057731959
2485.34729896908
2610.25694845361
2591.05138144331
2533.39270103093
2510.97571134022
2575.03624742269
2667.91562886599
2731.97616494846
2722.36288659794
2735.16659793815
2645.49863917528
2648.68907216495
2546.21740206185
2600.66465979382
2536.60412371134
2575.03624742269
2526.99084536084
2530.20226804125
2453.33802061857
2434.11146391754
2450.12659793814
2536.60412371134
2584.6495257732
2587.8399587629
2629.48350515464
2635.88536082474
2715.96103092785
2664.70420618558
2575.03624742269
2453.33802061857
2543.00597938144
2546.21740206185
2546.21740206185
2530.20226804125
2651.90049484537
2709.55917525773
2731.97616494846
2581.43810309278
2594.241814433
2507.78527835052
2530.20226804125
2446.91517525773
2578.22668041236
2626.27208247423
2536.60412371134
2427.70960824743
2350.84536082475
2315.6036701031
2437.32288659795
2565.42296907217
2562.23253608248
2600.66465979382
2613.46837113403
2690.33261855671
2562.23253608248
2517.37756701032
2472.54358762887
2546.21740206185
2510.97571134022
2562.23253608248
2472.54358762887
2526.99084536084
2472.54358762887
2536.60412371134
2491.7701443299
2520.58898969073
2485.34729896908
2664.70420618558
2677.5289072165
2655.11191752578
2600.66465979382
2616.67979381444
2587.8399587629
2526.99084536084
2517.37756701032
2494.96057731959
2584.6495257732
2600.66465979382
2655.11191752578
2603.8550927835
2658.30235051547
2645.49863917528
2680.71934020618
2619.87022680414
2680.71934020618
2693.54404123712
2738.37802061856
2677.5289072165
2683.93076288659
2645.49863917528
2639.09678350517
2648.68907216495
2757.58358762888
2674.31748453609
2642.28721649486
2632.67393814433
2578.22668041236
2459.73987628867
2430.90004123712
2440.51331958763
2453.33802061857
2475.75501030928
2507.78527835052
2584.6495257732
2543.00597938144
2645.49863917528
2655.11191752578
2667.91562886599
2639.09678350517
2728.76474226805
2731.97616494846
2712.74960824742
2543.00597938144
2469.33216494846
2418.09632989691
2536.60412371134
2546.21740206185
2584.6495257732
2546.21740206185
2623.08164948455
2703.13632989691
2696.7344742268
2597.45323711341
2597.45323711341
2658.30235051547
2696.7344742268
2667.91562886599
2651.90049484537
2687.12119587629
2619.87022680414
2632.67393814433
2543.00597938144
2607.06651546391
2597.45323711341
2623.08164948455
2632.67393814433
2642.28721649486
2671.1270515464
2776.81014432989
2786.42342268041
2735.16659793815
2559.02111340206
2552.61925773196
2478.94544329897
2462.93030927835
2520.58898969073
2594.241814433
2536.60412371134
2504.57385567011
2526.99084536084
2478.94544329897
2629.48350515464
2789.6138556701
2796.01571134021
2523.77942268043
2376.45278350516
2366.86049484537
2526.99084536084
2600.66465979382
2738.37802061856
2648.68907216495
2613.46837113403
2568.63439175258
2613.46837113403
2597.45323711341
2632.67393814433
2610.25694845361
2597.45323711341
2533.39270103093
2514.18713402063
2552.61925773196
2533.39270103093
2491.7701443299
2459.73987628867
2504.57385567011
2526.99084536084
2645.49863917528
2623.08164948455
2603.8550927835
2526.99084536084
2635.88536082474
2594.241814433
2565.42296907217
2472.54358762887
2539.79455670105
2571.82482474227
2546.21740206185
2424.49818556702
2414.8849072165
2443.72474226804
2523.77942268043
2526.99084536084
