11232.1082474227
11228.917814433
11043.1590515464
11091.1834639175
11264.1385154639
11363.4197525773
11222.5159587629
11129.6155876289
11190.4856907217
11206.5008247423
11241.7215257732
11120.0232989691
11187.2742680412
11107.1985979382
11228.917814433
11171.2591340206
11251.3348041237
11177.6609896907
11276.9632164949
11196.8875463918
11216.0931134021
11068.7664742268
11087.9930309278
11062.3646185567
11283.365072165
11318.5857731959
11369.8425979381
11232.1082474227
11257.7366597938
11302.5706391753
11219.3045360825
11126.4251546392
11091.1834639175
11260.9480824742
11286.5555051547
11324.987628866
11187.2742680412
11232.1082474227
11222.5159587629
11321.7971958763
11200.0779793814
11254.5252371134
11184.0628453608
11161.6458556701
11065.5760412371
11299.3802061856
11360.2293195877
11430.6917113402
11235.3196701031
11180.8724123711
11126.4251546392
11248.1233814433
11353.8274639175
11597.2239175258
11811.8225154639
11722.1335670103
11437.0935670103
11100.7967422681
11184.0628453608
11289.7669278351
11520.3596701031
11763.7771134021
12208.9684536082
12381.9025154639
12647.7369484536
12753.4410309278
13173.0039587629
13435.6269690722
13618.1743092784
13522.1044948454
13682.2348453608
13816.7577731959
14063.3656494845
14008.9183917526
14162.646886598
14415.6776082474
14527.762556701
14348.4056494845
14377.2454845361
14595.0345154639
14659.0740618557
14598.2249484536
14639.8684948454
14880.0745154639
14812.8235463918
14764.7781443299
14627.0437938144
14803.2102680412
14819.2254020619
14816.0139793814
14649.4817731959
14732.7478762887
14630.2552164949
14585.4212371134
14479.7171546392
14739.1497319588
14838.4309690722
14767.9685773196
14588.6116701031
14684.7024742268
14799.9988453608
14751.953443299
14502.1551340206
14457.3001649485
14719.9441649485
14771.18
14591.8230927835
14434.8831752577
14601.436371134
14643.0589278351
14691.1043298969
14534.1644123711
14716.7327422681
14732.7478762887
14732.7478762887
14579.0193814433
14723.1345979382
14787.1951340206
14819.2254020619
14659.0740618557
14665.4969072165
14630.2552164949
14652.6722061856
14489.3304329897
14636.657072165
14707.1194639175
14806.4007010309
14655.883628866
14697.506185567
14812.8235463918
14844.8328247423
14716.7327422681
14655.883628866
14819.2254020619
14716.7327422681
14703.9290309278
14655.883628866
14864.0593814433
14880.0745154639
14912.1047835052
14787.1951340206
14928.1199175258
14758.3762886598
14412.466185567
13944.8578556701
13851.9784742268
13778.3256494846
13653.416
13374.7778556701
13211.4360824742
12955.2149278351
12939.1997938144
12785.4503092784
12718.1993402062
12686.169072165
12654.1388041237
12516.425443299
12413.9327835052
12494.0084536083
12340.2799587629
12273.008
12077.6359587629
12119.2795051547
11952.7472989691
11952.7472989691
11872.671628866
12106.4757938144
12189.7418969072
12160.9230515464
11943.1340206186
11930.3093195876
11802.2092371134
11757.375257732
11600.4353402062
11728.5354226804
11770.1789690722
11891.8771958763
11702.928
11648.4807422681
11706.1184329897
11757.375257732
11754.1638350516
11686.9128659794
11750.9734020619
11734.9582680412
11706.1184329897
11565.1936494845
11603.6257731959
11568.405072165
11677.2995876289
11549.1785154639
11536.3748041237
11398.661443299
11491.5408247423
11504.3445360825
11725.3449896907
11670.8977319588
11702.928
11581.2087835052
11584.4202061856
11485.1389690722
11491.5408247423
11488.3294020619
11562.0032164948
11683.701443299
11686.9128659794
11520.3596701031
11501.1541030928
11690.1032989691
11757.375257732
11718.9431340206
11590.8220618557
11664.4958762887
11529.9729484536
11603.6257731959
11597.2239175258
11808.6110927835
11805.4206597938
11782.9826804124
11629.254185567
11686.9128659794
11699.7165773196
11827.8376494846
11734.9582680412
11818.224371134
11859.8679175258
11959.1491546392
11837.4299381443
11811.8225154639
11904.7018969072
11971.9528659794
11946.3244536083
11821.4148041237
11875.8620618557
11805.4206597938
11811.8225154639
11782.9826804124
11914.3151752577
11901.4904742268
11930.3093195876
11802.2092371134
11901.4904742268
11847.0432164949
11853.445072165
11786.1941030928
12007.194556701
12052.0285360825
12109.6662268041
11949.5358762887
