1559.74391752578
1556.55348453609
1591.77418556702
1495.68338144331
1466.86453608249
1553.34206185568
1611.00074226805
1668.6384329897
1620.59303092784
1643.01002061856
1694.26684536084
1723.08569072165
1614.19117525774
1675.0402886598
1623.80445360825
1594.98560824742
1454.06082474227
1438.04569072166
1351.56816494847
1418.81913402062
1466.86453608249
1607.78931958763
1601.38746391753
1623.80445360825
1630.20630927836
1707.07055670104
1614.19117525774
1543.72878350517
1607.78931958763
1643.01002061856
1668.6384329897
1617.40259793815
1569.35719587629
1460.46268041239
1514.90993814433
1486.0910927835
1502.10622680413
1511.69851546392
1665.44800000001
1691.05542268042
1732.69896907217
1588.56276288661
1646.22144329897
1588.56276288661
1562.95534020619
1495.68338144331
1566.14577319588
1607.78931958763
1630.20630927836
1562.95534020619
1630.20630927836
1585.37232989692
1585.37232989692
1614.19117525774
1627.01587628867
1540.53835051548
1553.34206185568
1604.57789690723
1636.60816494846
1643.01002061856
1530.92507216495
1508.50808247423
1489.28152577321
1601.38746391753
1627.01587628867
1620.59303092784
1527.71364948454
1636.60816494846
1662.2365773196
1684.65356701032
1537.32692783506
1553.34206185568
1537.32692783506
1566.14577319588
1502.10622680413
1556.55348453609
1546.94020618558
1591.77418556702
1607.78931958763
1627.01587628867
1668.6384329897
1729.48754639175
1735.91039175258
1566.14577319588
1495.68338144331
1450.84940206186
1530.92507216495
1540.53835051548
1524.52321649485
1402.804
1463.6741030928
1550.13063917527
1742.31224742269
1703.88012371134
1655.8347216495
1601.38746391753
1783.93480412372
1809.56321649485
1748.71410309279
1486.0910927835
1527.71364948454
1492.49294845362
1444.44754639176
1454.06082474227
1498.89480412372
1534.11550515464
1627.01587628867
1662.2365773196
1572.56861855672
1630.20630927836
1703.88012371134
1723.08569072165
1649.43286597939
1697.45727835052
1710.28197938144
1707.07055670104
1559.74391752578
1550.13063917527
1521.31179381444
1505.29665979382
1470.0759587629
1588.56276288661
1684.65356701032
1755.11595876289
1700.66870103094
1716.68383505155
1585.37232989692
1540.53835051548
1562.95534020619
1598.17604123713
1665.44800000001
1636.60816494846
1617.40259793815
1588.56276288661
1643.01002061856
1572.56861855672
1601.38746391753
1566.14577319588
1646.22144329897
1665.44800000001
1620.59303092784
1553.34206185568
1659.02515463919
1630.20630927836
1562.95534020619
1428.43241237114
1486.0910927835
1617.40259793815
1687.86498969073
1614.19117525774
1617.40259793815
1556.55348453609
1591.77418556702
1617.40259793815
1639.81958762887
1572.56861855672
1534.11550515464
1511.69851546392
1524.52321649485
1582.16090721651
1617.40259793815
1671.84985567011
1617.40259793815
1691.05542268042
1643.01002061856
1643.01002061856
1620.59303092784
1719.89525773196
1652.62329896907
1562.95534020619
1492.49294845362
1604.57789690723
1598.17604123713
1575.7590515464
1454.06082474227
1521.31179381444
1588.56276288661
1710.28197938144
1745.50268041238
1748.71410309279
1726.29711340207
1732.69896907217
1691.05542268042
1566.14577319588
1569.35719587629
1508.50808247423
1508.50808247423
1428.43241237114
1473.26639175259
1518.12136082475
1633.41773195877
1646.22144329897
1687.86498969073
1604.57789690723
1559.74391752578
1556.55348453609
1742.31224742269
1748.71410309279
1630.20630927836
1508.50808247423
1562.95534020619
1607.78931958763
1585.37232989692
1556.55348453609
1527.71364948454
1578.97047422682
1617.40259793815
1668.6384329897
1633.41773195877
1777.53294845362
1870.41232989691
1892.82931958763
1870.41232989691
1947.2765773196
1947.2765773196
1985.70870103093
1851.20676288661
1841.59348453608
1835.19162886598
1915.24630927836
1985.70870103093
2136.24676288661
2155.47331958764
2197.09587628866
2142.64861855671
2216.3224329897
2101.02606185568
2065.78437113403
2085.01092783506
2072.18622680414
2036.9655257732
2011.33711340207
1979.30684536083
1880.02560824743
1915.24630927836
1857.60861855671
1806.35179381444
1767.91967010309
1847.99534020618
1822.36692783507
1751.90453608248
1594.98560824742
1617.40259793815
1562.95534020619
1534.11550515464
1422.03055670104
1546.94020618558
1627.01587628867
1713.47241237115
1649.43286597939
1662.2365773196
1514.90993814433
1486.0910927835
1473.26639175259
1422.03055670104
1309.92461855671
1325.93975257733
1386.78886597939
1361.18144329897
1438.04569072166
1438.04569072166
1556.55348453609
1540.53835051548
1671.84985567011
1726.29711340207
1783.93480412372
1790.35764948454
1899.25216494846
1880.02560824743
1880.02560824743
1745.50268041238
1867.22189690722
1847.99534020618
1780.74437113403
1710.28197938144
1867.22189690722
1908.84445360826
2004.93525773196
2075.39764948454
2049.76923711341
2056.17109278352
2110.61835051547
2075.39764948454
1928.07101030928
2024.14082474228
2030.5636701031
1979.30684536083
1924.85958762887
2043.3673814433
2113.82977319588
2181.08074226805
2081.79950515464
2094.60321649485
2110.61835051547
2280.36197938145
2309.20181443299
2357.24721649486
2286.78482474228
2241.9298556701
2225.91472164949
2286.78482474228
2238.73942268041
2206.70915463918
2245.14127835053
2293.18668041239
2338.02065979382
2382.85463917527
2440.51331958764
2430.90004123711
2466.14173195877
2402.08119587631
2354.03579381444
2354.03579381444
2478.94544329898
2501.3624329897
2459.71888659794
2347.63393814433
2469.33216494846
2539.79455670103
2664.70420618557
2639.07579381444
2664.70420618557
2639.07579381444
2728.76474226805
2658.30235051546
2639.07579381444
2575.03624742269
2565.42296907217
2642.28721649486
2680.71934020619
2674.31748453609
2715.94004123712
2760.79501030928
2744.77987628867
2751.18173195877
2690.33261855671
2808.81942268042
2901.71979381443
2930.53863917526
2831.25740206187
2780.00057731959
2645.47764948455
2651.90049484536
2651.90049484536
2712.74960824744
2674.31748453609
2786.40243298969
2850.46296907217
2824.83455670103
2722.36288659795
2808.81942268042
2818.43270103093
2661.49278350517
2597.45323711341
2661.49278350517
2696.73447422681
2683.93076288661
2645.47764948455
2536.60412371134
2526.99084536083
2575.03624742269
2565.42296907217
2565.42296907217
2639.07579381444
2735.16659793815
2789.61385567011
2738.37802061856
2747.97030927836
2693.5230515464
2648.68907216496
2555.80969072166
2600.64367010311
2510.97571134021
2610.25694845362
2623.06065979382
2754.37216494846
2651.90049484536
2635.88536082476
2629.48350515465
2674.31748453609
2664.70420618557
2610.25694845362
2488.5587216495
2421.28676288661
2594.24181443299
2655.09092783507
2565.42296907217
2453.31703092784
2539.79455670103
2610.25694845362
2629.48350515465
2549.40783505155
2546.19641237113
2591.03039175258
2677.50791752578
2613.46837113403
2651.90049484536
2616.65880412372
2546.19641237113
2450.12659793815
2478.94544329898
2504.57385567011
2578.22668041238
2642.28721649486
2683.93076288661
2623.06065979382
2632.67393814434
2690.33261855671
2661.49278350517
2591.03039175258
2510.97571134021
2536.60412371134
2491.74915463919
2629.48350515465
2543.00597938144
2523.77942268043
2437.30189690721
2565.42296907217
2559.02111340207
2571.82482474227
2434.11146391754
2543.00597938144
2578.22668041238
2680.71934020619
2591.03039175258
2623.06065979382
2536.60412371134
2523.77942268043
2437.30189690721
2379.66420618558
2424.49818556701
2469.33216494846
2491.74915463919
2421.28676288661
2507.7642886598
2578.22668041238
2674.31748453609
2607.04552577321
2571.82482474227
2424.49818556701
2430.90004123711
2398.86977319588
2459.71888659794
2376.45278350516
2443.70375257733
2469.33216494846
2667.91562886599
2696.73447422681
2623.06065979382
2555.80969072166
2619.87022680413
2664.70420618557
2607.04552577321
2677.50791752578
2655.09092783507
2687.1211958763
2607.04552577321
2552.59826804124
2446.91517525774
2450.12659793815
2552.59826804124
2543.00597938144
2523.77942268043
2629.48350515465
2744.77987628867
2763.98544329898
2632.67393814434
2642.28721649486
2491.74915463919
2501.3624329897
2402.08119587631
2482.15686597939
2424.49818556701
2543.00597938144
2555.80969072166
2607.04552577321
2571.82482474227
2491.74915463919
2562.21154639176
2530.18127835053
2466.14173195877
2379.66420618558
2430.90004123711
2459.71888659794
2478.94544329898
2450.12659793815
2334.80923711341
2344.42251546392
2488.5587216495
2485.34729896908
2571.82482474227
2482.15686597939
2578.22668041238
2581.43810309279
2581.43810309279
2526.99084536083
2482.15686597939
2543.00597938144
2517.37756701031
2421.28676288661
2498.15101030929
2491.74915463919
2632.67393814434
2642.28721649486
2651.90049484536
2562.21154639176
2578.22668041238
2623.06065979382
2568.61340206186
2575.03624742269
2533.39270103093
2526.99084536083
2469.33216494846
2591.03039175258
2549.40783505155
2568.61340206186
2520.58898969073
2600.64367010311
2565.42296907217
2565.42296907217
2494.9605773196
2632.67393814434
2600.64367010311
2578.22668041238
2466.14173195877
2507.7642886598
2462.93030927835
2338.02065979382
2283.57340206186
2267.55826804125
2341.23208247423
2472.54358762887
2546.19641237113
2523.77942268043
2603.85509278352
2661.49278350517
2671.10606185567
2543.00597938144
2478.94544329898
2443.70375257733
2581.43810309279
2485.34729896908
2526.99084536083
2526.99084536083
2485.34729896908
2485.34729896908
2594.24181443299
2559.02111340207
2607.04552577321
2485.34729896908
2507.7642886598
2543.00597938144
2523.77942268043
2539.79455670103
2562.21154639176
2443.70375257733
2408.48305154641
2475.73402061856
2485.34729896908
2575.03624742269
2546.19641237113
2510.97571134021
2530.18127835053
2683.93076288661
2712.74960824744
2690.33261855671
2539.79455670103
2507.7642886598
2552.59826804124
2555.80969072166
2466.14173195877
2453.31703092784
2370.05092783506
2408.48305154641
2430.90004123711
2526.99084536083
2491.74915463919
2533.39270103093
2491.74915463919
2443.70375257733
2501.3624329897
2456.52845360825
2488.5587216495
2456.52845360825
2446.91517525774
2462.93030927835
2526.99084536083
2507.7642886598
2632.67393814434
2629.48350515465
2565.42296907217
2488.5587216495
2581.43810309279
2523.77942268043
2578.22668041238
2498.15101030929
2520.58898969073
2472.54358762887
2434.11146391754
2296.37711340208
2408.48305154641
2440.51331958764
2405.27162886598
2437.30189690721
2475.73402061856
2456.52845360825
2594.24181443299
2629.48350515465
2552.59826804124
2488.5587216495
2430.90004123711
2430.90004123711
2443.70375257733
2539.79455670103
2494.9605773196
2501.3624329897
2446.91517525774
2526.99084536083
2568.61340206186
2575.03624742269
2526.99084536083
2597.45323711341
2498.15101030929
2424.49818556701
2325.21694845362
2434.11146391754
2411.69447422681
2443.70375257733
2446.91517525774
2418.09632989691
2482.15686597939
2594.24181443299
2616.65880412372
2591.03039175258
2635.88536082476
2587.83995876289
2594.24181443299
2562.21154639176
2565.42296907217
2603.85509278352
2619.87022680413
2488.5587216495
2507.7642886598
2581.43810309279
2610.25694845362
2610.25694845362
2597.45323711341
2514.1661443299
2555.80969072166
2510.97571134021
2539.79455670103
2539.79455670103
2517.37756701031
2469.33216494846
2469.33216494846
2453.31703092784
2395.67934020619
2440.51331958764
2366.83950515465
2424.49818556701
2462.93030927835
2530.18127835053
2536.60412371134
2664.70420618557
2664.70420618557
2616.65880412372
2424.49818556701
2443.70375257733
2350.82437113402
2331.61880412372
2261.15641237114
2373.26235051547
2434.11146391754
2562.21154639176
2552.59826804124
2616.65880412372
2587.83995876289
2565.42296907217
2494.9605773196
2459.71888659794
2466.14173195877
2418.09632989691
2466.14173195877
2443.70375257733
2478.94544329898
2450.12659793815
2523.77942268043
2539.79455670103
2562.21154639176
2514.1661443299
2578.22668041238
2517.37756701031
2619.87022680413
2616.65880412372
2600.64367010311
2530.18127835053
2597.45323711341
2639.07579381444
2642.28721649486
