17176.451628866
17205.2914639175
17115.6025154639
17176.451628866
17291.7689896907
17307.7841237113
17259.7387216495
17282.1557113402
17442.2860618557
17314.1859793815
17227.7084536083
17170.0497731959
17362.2313814433
17237.3217319588
17179.6630515464
17009.9194226804
17205.2914639175
17234.1103092784
17330.2011134021
17202.0800412371
17339.7934020619
17339.7934020619
17352.6181030928
17125.2157938144
17266.1405773196
17375.0350927835
17439.095628866
17205.2914639175
17150.8442061856
17179.6630515464
17243.7235876289
17221.3065979381
17218.0951752578
17448.6879175258
17499.9447422681
17426.2709278351
17240.5121649485
17387.8388041237
17323.7782680412
17394.2406597938
17288.5575670103
17384.648371134
17323.7782680412
17310.974556701
17157.2460618557
17371.8236701031
17423.0804948454
17493.5428865979
17346.2162474227
17407.0653608248
17432.6727835052
17474.3163298969
17272.5424329897
17285.3461443299
17442.2860618557
17564.0052783505
17435.8842061856
17307.7841237113
17320.5878350516
17298.1708453608
17384.648371134
17387.8388041237
17531.9750103093
17410.2557938144
17397.4520824742
17298.1708453608
17423.0804948454
17410.2557938144
17519.1503092784
17371.8236701031
17493.5428865979
17375.0350927835
17326.9896907217
17170.0497731959
17365.421814433
17455.1107628866
17522.3617319588
17349.4066804124
17429.4823505155
17573.5975670103
17592.8241237113
17467.9144742268
17442.2860618557
17554.392
17464.7030515464
17355.8085360825
17237.3217319588
17499.9447422681
17557.5824329897
17596.014556701
17442.2860618557
17612.0296907217
17564.0052783505
17547.9901443299
17336.6029690722
17496.7333195876
17573.5975670103
17672.8997938144
17503.1351752577
17474.3163298969
17403.8539381443
17493.5428865979
17391.0502268041
17458.3011958763
17528.7635876289
17618.4525360825
17621.6429690722
17579.9994226804
17647.2713814433
17544.7787216495
17483.9296082474
17397.4520824742
17557.5824329897
17442.2860618557
17451.8993402062
17307.7841237113
17541.5672989691
17567.1957113402
17669.688371134
17487.1200412371
17589.6127010309
17554.392
17570.4071340206
17397.4520824742
17554.392
17634.4466804124
17621.6429690722
17397.4520824742
17429.4823505155
17554.392
17605.6278350516
17506.3465979382
17515.9598762887
17688.8939381443
17698.5072164949
17663.2865154639
17519.1503092784
17637.6581030928
17589.6127010309
17640.8695257732
17490.3314639175
17608.839257732
17525.5521649485
17557.5824329897
17442.2860618557
17634.4466804124
17724.135628866
17813.8035876289
17576.8089896907
17602.4374020619
17666.4769484536
17733.7489072165
17557.5824329897
17602.4374020619
17746.5526185567
17855.4471340206
17628.0448247423
17423.0804948454
17490.3314639175
17560.7938556701
17608.839257732
17567.1957113402
17736.9393402062
17669.688371134
17717.7337731959
17547.9901443299
17695.3167835052
17660.0750927835
17720.9242061856
17487.1200412371
17583.2108453609
17525.5521649485
17612.0296907217
17554.392
17701.7186391753
17692.1053608248
17695.3167835052
17560.7938556701
17637.6581030928
17743.3411958763
17749.7640412371
17749.7640412371
17743.3411958763
17823.4168659794
17717.7337731959
17557.5824329897
17445.4974845361
17733.7489072165
17711.3319175258
17768.9696082474
17615.2411134021
17845.8338556701
17826.6282886598
17842.6434226804
17628.0448247423
17797.7884536083
17829.8187216495
17858.658556701
17589.6127010309
17570.4071340206
17551.1805773196
17685.7035051547
17576.8089896907
17682.4920824742
17823.4168659794
17903.4925360825
17740.1507628866
17637.6581030928
17701.7186391753
17682.4920824742
17682.4920824742
17669.688371134
17800.9998762887
17663.2865154639
17589.6127010309
17480.718185567
17762.5677525773
17823.4168659794
17893.879257732
17688.8939381443
17749.7640412371
17768.9696082474
17820.2264329897
17695.3167835052
17784.984742268
17743.3411958763
17762.5677525773
17564.0052783505
17557.5824329897
17685.7035051547
17781.7943092784
17768.9696082474
17794.5980206186
17967.553072165
17964.3416494845
17845.8338556701
17634.4466804124
17740.1507628866
17736.9393402062
17845.8338556701
17704.909072165
17829.8187216495
17711.3319175258
17708.1204948454
17637.6581030928
17868.2508453608
17906.6829690722
17973.9549278351
17746.5526185567
17833.0301443299
17778.582886598
17842.6434226804
17704.909072165
17817.0150103093
17897.0906804124
17842.6434226804
17605.6278350516
17503.1351752577
17743.3411958763
17784.984742268
17746.5526185567
17672.8997938144
17887.4774020619
17868.2508453608
17922.6981030928
17746.5526185567
17893.879257732
17797.7884536083
17807.4017319588
17554.392
17717.7337731959
17823.4168659794
17935.5228041237
17784.984742268
17826.6282886598
17813.8035876289
17884.2659793815
17765.7791752577
17768.9696082474
17804.2112989691
17871.4622680413
17909.8943917526
17925.9095257732
18009.175628866
17925.9095257732
17752.9544742268
17679.3016494846
17935.5228041237
17916.2962474227
17913.105814433
17762.5677525773
17954.728371134
17884.2659793815
17887.4774020619
17714.5223505155
17868.2508453608
17874.6736907217
17887.4774020619
17682.4920824742
17717.7337731959
17736.9393402062
17874.6736907217
17781.7943092784
17877.8641237113
17932.3113814433
17897.0906804124
17743.3411958763
17749.7640412371
17941.9246597938
17945.1360824742
17813.8035876289
17666.4769484536
17829.8187216495
17778.582886598
17810.6131546392
17746.5526185567
17925.9095257732
17897.0906804124
17941.9246597938
17743.3411958763
17884.2659793815
17868.2508453608
17989.9700618557
17858.658556701
18022.0003298969
17980.3567835052
17868.2508453608
17624.8543917526
17717.7337731959
17938.7132371134
18031.5926185567
17929.1209484536
17900.2811134021
18063.622886598
18057.2210309278
17964.3416494845
17800.9998762887
17973.9549278351
17986.7586391753
17996.3719175258
17711.3319175258
17736.9393402062
17669.688371134
17833.0301443299
17772.1810309279
17977.1453608248
17941.9246597938
17999.5833402062
17839.432
17925.9095257732
17919.5076701031
18002.7737731959
17909.8943917526
17900.2811134021
17909.8943917526
17852.2357113402
17727.3470515464
17797.7884536083
18031.5926185567
18002.7737731959
17906.6829690722
17836.2415670103
18044.4173195876
18012.3870515464
18002.7737731959
17839.432
18054.0305979382
18018.7889072165
17967.553072165
17688.8939381443
17826.6282886598
17871.4622680413
18022.0003298969
17919.5076701031
18044.4173195876
18047.6077525773
18034.8040412371
17817.0150103093
17791.3865979382
17961.1302268041
18140.4871340206
18050.8191752577
17932.3113814433
17970.7435051546
17865.0604123712
17817.0150103093
17778.582886598
18012.3870515464
18005.9851958763
18005.9851958763
17877.8641237113
18009.175628866
17954.728371134
17989.9700618557
17833.0301443299
17954.728371134
17855.4471340206
17839.432
17663.2865154639
17749.7640412371
17861.8489896907
18102.0550103093
18015.5774845361
18031.5926185567
18076.4475876289
18054.0305979382
17897.0906804124
17903.4925360825
18089.2512989691
18054.0305979382
17932.3113814433
17829.8187216495
18015.5774845361
17932.3113814433
17980.3567835052
17922.6981030928
18124.472
18086.0398762887
18076.4475876289
17877.8641237113
18063.622886598
18031.5926185567
18105.2664329897
17986.7586391753
18111.6682886598
18025.1907628866
17957.9397938144
17708.1204948454
17871.4622680413
18095.6531546392
18201.3572371134
18070.024742268
18009.175628866
18178.919257732
18153.3118350516
17957.9397938144
17800.9998762887
18028.402185567
17980.3567835052
17951.5379381443
17756.1658969072
17945.1360824742
17935.5228041237
18012.3870515464
17823.4168659794
17993.1604948454
18028.402185567
18076.4475876289
17836.2415670103
17893.879257732
18015.5774845361
18194.9343917526
18025.1907628866
17922.6981030928
17900.2811134021
17957.9397938144
17874.6736907217
17900.2811134021
18066.8343092784
18047.6077525773
18066.8343092784
18012.3870515464
18185.3421030928
18089.2512989691
18086.0398762887
17941.9246597938
18086.0398762887
17996.3719175258
17951.5379381443
17768.9696082474
17957.9397938144
18079.6380206186
18166.1155463918
18022.0003298969
18111.6682886598
18082.849443299
18047.6077525773
17778.582886598
17855.4471340206
18060.4324536083
18210.9495257732
18102.0550103093
17970.7435051546
18050.8191752577
18012.3870515464
18022.0003298969
17973.9549278351
18166.1155463918
18092.4627216495
18050.8191752577
17938.7132371134
18134.0852783505
18066.8343092784
18066.8343092784
17868.2508453608
17983.5682061856
17961.1302268041
17948.3265154639
17784.984742268
17954.728371134
18070.024742268
18178.919257732
18015.5774845361
18012.3870515464
18070.024742268
18111.6682886598
17961.1302268041
17906.6829690722
18044.4173195876
18012.3870515464
17948.3265154639
17893.879257732
18073.2361649485
18089.2512989691
18124.472
17951.5379381443
18076.4475876289
18098.8645773196
18146.9099793815
17948.3265154639
18121.2815670103
18143.698556701
18223.7742268041
18009.175628866
18018.7889072165
17890.6888247423
17932.3113814433
17852.2357113402
18005.9851958763
18153.3118350516
18223.7742268041
18188.5325360825
18172.5174020619
18255.8044948454
18095.6531546392
18015.5774845361
17986.7586391753
18198.145814433
18089.2512989691
17993.1604948454
17817.0150103093
18098.8645773196
18111.6682886598
18073.2361649485
17829.8187216495
17999.5833402062
18098.8645773196
18153.3118350516
17922.6981030928
18018.7889072165
18159.7136907217
18287.8137731959
18041.2058969072
17913.105814433
17983.5682061856
18038.0154639175
17951.5379381443
18012.3870515464
18201.3572371134
18185.3421030928
18127.6834226804
17954.728371134
18111.6682886598
18054.0305979382
18134.0852783505
18018.7889072165
18102.0550103093
18050.8191752577
18086.0398762887
17906.6829690722
18066.8343092784
18150.1004123711
18226.9646597938
18041.2058969072
18111.6682886598
18082.849443299
18137.2967010309
17983.5682061856
18031.5926185567
18118.0701443299
18182.1306804124
18063.622886598
17951.5379381443
18047.6077525773
18066.8343092784
18095.6531546392
18098.8645773196
18249.3816494846
18162.9041237114
18134.0852783505
18050.8191752577
18226.9646597938
18191.7439587629
18194.9343917526
17983.5682061856
18111.6682886598
18012.3870515464
18015.5774845361
17874.6736907217
18073.2361649485
18201.3572371134
18275.0100618557
18079.6380206186
18082.849443299
18162.9041237114
18217.3513814433
18137.2967010309
18150.1004123711
18226.9646597938
18063.622886598
17893.879257732
17833.0301443299
18118.0701443299
18159.7136907217
18207.7590927835
18038.0154639175
18246.1912164949
18262.2063505155
18242.9797938144
17929.1209484536
18063.622886598
18204.5476701031
18303.8289072165
18028.402185567
18050.8191752577
18034.8040412371
18150.1004123711
18111.6682886598
18118.0701443299
18191.7439587629
18194.9343917526
18102.0550103093
18114.8797113402
18249.3816494846
18156.5022680413
18127.6834226804
18041.2058969072
18188.5325360825
18098.8645773196
18028.402185567
17897.0906804124
18108.4568659794
18118.0701443299
18220.5628041237
18082.849443299
18226.9646597938
18137.2967010309
18210.9495257732
18114.8797113402
