11136.0384329897
11180.8724123711
11113.621443299
11158.4554226804
11296.1687835052
11366.6311752577
11337.8123298969
11280.1536494845
11299.3802061856
11228.917814433
11232.1082474227
11152.0535670103
11238.5101030928
11155.244
11168.0687010309
11094.394886598
11264.1385154639
11248.1233814433
11296.1687835052
11148.8421443299
11260.9480824742
11254.5252371134
11244.9329484536
11033.5457731959
11052.7513402062
11155.244
11302.5706391753
11248.1233814433
11251.3348041237
11276.9632164949
11248.1233814433
11225.7063917526
11280.1536494845
11398.661443299
11369.8425979382
11289.7669278351
11216.0931134021
11318.5857731959
11235.3196701031
11212.9026804124
11094.394886598
11209.691257732
11152.0535670103
11206.5008247423
11027.1439175258
11148.8421443299
11244.9329484536
11328.1990515464
11241.7215257732
11283.365072165
11232.1082474227
11228.917814433
11043.1590515464
11091.1834639175
11264.1385154639
11363.4197525773
11222.5159587629
11129.6155876289
11190.4856907217
11206.5008247423
11241.7215257732
11120.0232989691
11187.2742680412
11107.1985979382
11228.917814433
11171.2591340206
11251.3348041237
11177.6609896907
11276.9632164949
11196.8875463918
11216.0931134021
11068.7664742268
11087.9930309278
11062.3646185567
11283.365072165
11318.5857731959
11369.8425979382
11232.1082474227
11257.7366597938
11302.5706391753
11219.3045360825
11126.4251546392
11091.1834639175
11260.9480824742
11286.5555051546
11324.987628866
11187.2742680412
11232.1082474227
11222.5159587629
11321.7971958763
11200.0779793815
11254.5252371134
11184.0628453608
11161.6458556701
11065.5760412371
11299.3802061856
11360.2293195876
11430.6917113402
11235.3196701031
11180.8724123711
11126.4251546392
11248.1233814433
11353.8274639175
11597.2239175258
11811.8225154639
11722.1335670103
11437.0935670103
11100.7967422681
11184.0628453608
11289.7669278351
11520.3596701031
11763.7771134021
12208.9684536083
12381.9025154639
12647.7369484536
12753.4410309279
13173.0039587629
13435.6269690722
13618.1743092784
13522.1044948454
13682.2348453608
13816.7577731959
14063.3656494846
14008.9183917526
14162.6468865979
14415.6776082474
14527.762556701
14348.4056494845
14377.2454845361
14595.0345154639
14659.0740618557
14598.2249484536
14639.8684948454
14880.0745154639
14812.8235463918
14764.7781443299
14627.0437938144
14803.2102680412
14819.2254020619
14816.0139793815
14649.4817731959
14732.7478762887
14630.2552164949
14585.4212371134
14479.7171546392
14739.1497319588
14838.4309690722
14767.9685773196
14588.6116701031
14684.7024742268
14799.9988453608
14751.953443299
14502.1551340206
14457.3001649485
14719.9441649485
14771.18
14591.8230927835
14434.8831752577
14601.436371134
14643.0589278351
14691.1043298969
14534.1644123712
14716.7327422681
14732.7478762887
14732.7478762887
14579.0193814433
14723.1345979382
14787.1951340206
14819.2254020619
14659.0740618557
14665.4969072165
14630.2552164949
14652.6722061856
14489.3304329897
14636.657072165
14707.1194639175
14806.4007010309
14655.883628866
14697.506185567
14812.8235463918
14844.8328247423
14716.7327422681
14655.883628866
14819.2254020619
14716.7327422681
14703.9290309279
14655.883628866
14864.0593814433
14880.0745154639
14912.1047835052
14787.1951340206
14928.1199175258
14758.3762886598
14412.466185567
13944.8578556701
13851.9784742268
13778.3256494846
13653.416
13374.7778556701
13211.4360824742
12955.2149278351
12939.1997938144
12785.4503092784
12718.1993402062
12686.169072165
12654.1388041237
12516.425443299
12413.9327835052
12494.0084536083
12340.2799587629
12273.008
12077.6359587629
12119.2795051547
11952.7472989691
11952.7472989691
11872.671628866
12106.4757938144
12189.7418969072
12160.9230515464
11943.1340206186
11930.3093195876
11802.2092371134
11757.375257732
11600.4353402062
11728.5354226804
11770.1789690722
11891.8771958763
11702.928
11648.4807422681
11706.1184329897
11757.375257732
11754.1638350516
11686.9128659794
11750.9734020619
11734.9582680412
11706.1184329897
11565.1936494845
11603.6257731959
11568.405072165
11677.2995876289
11549.1785154639
11536.3748041237
11398.661443299
11491.5408247423
11504.3445360825
11725.3449896907
11670.8977319588
11702.928
11581.2087835052
11584.4202061856
11485.1389690722
11491.5408247423
11488.3294020619
11562.0032164949
11683.701443299
11686.9128659794
11520.3596701031
11501.1541030928
11690.1032989691
11757.375257732
11718.9431340206
11590.8220618557
11664.4958762887
11529.9729484536
11603.6257731959
11597.2239175258
11808.6110927835
11805.4206597938
11782.9826804124
11629.254185567
11686.9128659794
11699.7165773196
11827.8376494845
11734.9582680412
11818.224371134
11859.8679175258
11959.1491546392
11837.4299381443
11811.8225154639
11904.7018969072
11971.9528659794
11946.3244536083
11821.4148041237
11875.8620618557
11805.4206597938
11811.8225154639
11782.9826804124
11914.3151752578
11901.4904742268
11930.3093195876
11802.2092371134
11901.4904742268
11847.0432164949
11853.445072165
11786.1941030928
12007.194556701
12052.0285360825
12109.6662268041
11949.5358762887
11920.7170309279
11911.1037525773
12084.0588041237
12055.2189690722
12068.0436701031
12087.2492371134
12173.7267628866
12138.5060618557
12119.2795051547
12183.3400412371
12116.089072165
12093.6510927835
11991.1794226804
12045.6266804124
12010.3849896907
12183.3400412371
12180.1286185567
12343.4703917526
12301.8478350515
12314.6515463918
12196.1437525773
12295.4249896907
12276.2194226804
12324.2648247423
12305.0382680412
12484.3951752577
12420.3346391753
12433.1593402062
12240.9777319588
12308.2496907217
12452.3649072165
12586.8878350516
12567.6612783505
12561.2594226804
12650.948371134
12529.2291546392
12394.7272164949
12244.1891546392
12484.3951752577
12513.2140206186
12526.0387216495
12324.2648247423
12378.7120824742
12407.5309278351
12590.099257732
12529.2291546392
12654.1388041237
12628.5313814433
12654.1388041237
12551.6671340206
12647.7369484536
12654.1388041237
12779.0484536083
12702.1842061856
12641.3350927835
12670.1539381443
12695.7823505155
12670.1539381443
12673.3653608248
12814.2901443299
12804.6768659794
12779.0484536083
12692.5709278351
12804.6768659794
12718.1993402062
12785.4503092784
12785.4503092784
12968.0186391753
12942.3902268041
12974.4204948454
12820.692
12884.7525360825
12919.9732371134
13009.662185567
12910.3599587629
12961.6167835052
12984.0337731959
13044.8828865979
12952.0035051547
12955.2149278351
13083.3150103093
13144.1641237114
13121.7471340206
13064.109443299
13067.2998762887
12968.0186391753
12958.4053608248
12993.6470515464
13195.4209484536
13176.1943917526
13169.7925360825
13035.2696082474
13073.7017319588
13089.7168659794
13163.3906804124
13102.5415670103
13249.8682061856
13246.6567835052
13278.6870515464
13121.7471340206
13192.2095257732
13214.6265154639
13358.7627216495
13291.4907628866
13310.7173195876
13400.3852783505
13442.0288247423
13307.5058969072
13246.6567835052
13393.9834226804
13374.7778556701
13310.7173195876
13192.2095257732
13307.5058969072
13301.1040412371
13490.0742268041
13442.0288247423
13557.3251958763
13534.9082061856
13608.5820206186
13464.445814433
13464.445814433
13387.5815670103
13554.1347628866
13541.3100618557
13579.742185567
13483.672371134
13461.2343917526
13349.149443299
13454.8325360825
13656.6064329897
13711.0536907217
13640.5912989691
13611.7724536083
13688.6367010309
13566.9384742268
13531.6967835052
13557.3251958763
13813.5463505155
13723.8783917526
13666.2197113402
13426.0136907217
13618.1743092784
13711.0536907217
13845.5766185567
13669.4311340206
13768.712371134
13762.3105154639
13832.7729072165
13698.2499793815
13765.5009484536
13800.7426391753
13871.2050309278
13807.1444948454
13771.9028041237
13858.3803298969
13919.2504329897
13858.3803298969
13880.7973195876
14050.5619381443
14005.7069690722
13954.4711340206
13807.1444948454
13941.6674226804
13973.6976907217
14040.9486597938
14005.7069690722
14111.4110515464
14050.5619381443
14066.577072165
13919.2504329897
14047.3505154639
14060.1542268041
14172.2601649485
14066.577072165
14111.4110515464
14047.3505154639
14069.7675051547
13919.2504329897
13986.5014020619
14220.3055670103
14309.9735257732
14162.6468865979
14005.7069690722
14044.1390927835
14060.1542268041
14140.2298969072
14137.0394639175
14265.1395463918
14194.6771546392
14239.5111340206
14162.6468865979
14309.9735257732
14181.873443299
14213.9037113402
14092.1844948454
14217.0941443299
14239.5111340206
14281.1546804124
14162.6468865979
14332.3905154639
14412.466185567
14498.9437113402
14361.2303505155
14412.466185567
14479.7171546392
14492.5418556701
14358.0189278351
14393.2606185567
14540.587257732
14540.587257732
14444.4964536083
14309.9735257732
14434.8831752577
14441.2850309278
14559.7928247423
14479.7171546392
14643.0589278351
14623.8533608248
14649.4817731959
14418.8680412371
14492.5418556701
14575.8079587629
14723.1345979382
14575.8079587629
14556.6023917526
14486.14
14502.1551340206
14415.6776082474
14540.587257732
14694.3157525773
14748.7630103093
14668.6873402062
14649.4817731959
14716.7327422681
14655.883628866
14652.6722061856
14607.8382268041
14739.1497319588
14617.4515051547
14617.4515051547
14473.3152989691
14675.0891958763
14755.1648659794
14873.6726597938
14726.3460206186
14816.0139793815
14790.3855670103
14828.8176907217
14687.9138969072
14755.1648659794
14825.627257732
14944.1350515464
14809.6121237113
14783.9837113402
14812.8235463918
14867.2708041237
14870.4612371134
14880.0745154639
15004.9841649485
14998.5823092784
14963.3406185567
14844.8328247423
14956.9387628866
14908.8933608248
14982.5671752578
14912.1047835052
15008.1745979382
14892.8782268041
14902.4915051547
14851.2556701031
15065.8332783505
15149.0993814433
15190.7429278351
14931.3103505155
14969.7424742268
14998.5823092784
15033.8030103093
14886.476371134
14982.5671752578
15129.893814433
15235.5769072165
15129.893814433
14969.7424742268
15059.4314226804
15126.6823917526
15126.6823917526
15020.9992989691
15110.667257732
15094.6521237114
15200.3562061856
15133.0842474227
15290.0241649485
15232.3864742268
15261.2053195876
15027.4011546392
15040.2048659794
14995.370886598
15171.516371134
15165.1145154639
