11613.2600412371
11600.4563298969
11600.4563298969
11513.9788041237
11578.0393402062
11792.6169484536
11792.6169484536
11718.9641237113
11546.0090721649
11613.2600412371
11565.2146391753
11674.1091546392
11590.8430515464
11667.7072989691
11539.6072164948
11510.7673814433
11401.8728659794
11565.2146391753
11600.4563298969
11725.3659793814
11610.0696082474
11651.6921649485
11597.2449072165
11590.8430515464
11353.8484536082
11385.8577319588
11571.6374845361
11693.3357113402
11597.2449072165
11481.9485360825
11510.7673814433
11513.9788041237
11594.0544742268
11635.6770309278
11712.5412783505
11558.8127835052
11549.1995051546
11491.561814433
11626.084742268
11558.8127835052
11562.0242061856
11417.888
11491.561814433
11459.5315463918
11469.1448247423
11395.4710103093
11562.0242061856
11603.6467628866
11667.7072989691
11520.3806597938
11552.410927835
11626.084742268
11638.8884536083
11539.6072164948
11581.2297731959
11783.0036701031
11754.1848247423
11562.0242061856
11401.8728659794
11552.410927835
11574.8279175258
11616.4714639175
11523.5920824742
11677.3205773196
11702.9489896907
11699.7375670103
11469.1448247423
11446.7278350515
11485.1599587629
11670.9187216495
11606.858185567
11558.8127835052
11443.5164123711
11469.1448247423
11440.3049896907
11517.1902268041
11558.8127835052
11606.858185567
11523.5920824742
11478.7371134021
11622.8733195876
11594.0544742268
11478.7371134021
11475.5466804124
11597.2449072165
11488.3503917526
11453.1296907217
11353.8484536082
11478.7371134021
11523.5920824742
11674.1091546392
11526.7825154639
11571.6374845361
11497.9636701031
11533.184371134
11453.1296907217
11574.8279175258
11603.6467628866
11626.084742268
11478.7371134021
11491.561814433
11606.858185567
11875.8830515464
12071.2550927835
12381.9235051546
12827.1148453608
13051.3057319588
13304.3364536082
13361.9741443299
13675.8539793814
13528.5273402062
13173.0039587629
12676.5767835052
12500.4312989691
12096.8835051546
11693.3357113402
11203.3103917526
11071.9988865979
10940.6873814433
10764.5209072165
10620.4056907216
10937.4759587629
11203.3103917526
11597.2449072165
11747.7829690722
11946.345443299
12381.9235051546
12612.5372371134
12657.3712164948
12811.0997113402
13166.6021030928
13426.0346804124
13659.8388453608
13711.0746804124
14117.8338969072
14191.4867216495
14255.547257732
14245.9339793814
14457.3211546392
14591.8440824742
14822.4368247423
14563.0252371134
14681.5120412371
14784.0047010309
14896.1106391753
14825.6482474227
14960.1711752577
15021.0202886598
15120.3015257732
14908.9143505155
14902.5124948454
15088.271257732
15069.0656907217
15062.6428453608
15049.8391340206
15225.9846185567
15209.9694845361
14998.6032989691
14832.0501030928
15011.4070103093
14982.5881649485
15078.6579793814
14950.5578969072
15117.0901030928
15078.6579793814
14940.9446185567
14787.2161237113
14902.5124948454
14995.3918762887
15078.6579793814
14822.4368247423
14899.301072165
14940.9446185567
15021.0202886598
14931.3313402062
14966.5730309278
15133.1052371134
15261.2263092784
15046.6277113402
14988.9900206186
15200.3771958763
15094.6731134021
15030.6125773196
14972.9748865979
15133.1052371134
15021.0202886598
14947.3464742268
14876.8840824742
15232.4074639175
15277.241443299
15315.6735670103
14985.7785979381
15088.271257732
15190.7639175258
15149.120371134
14915.3162061856
15001.7937319588
15136.3166597938
15299.6584329897
15142.7185154639
15011.4070103093
15149.120371134
15245.2111752577
15209.9694845361
15158.7336494845
15008.1955876289
14691.1253195876
14322.8192164949
13919.2504329897
13816.7787628866
13675.8539793814
13570.1498969072
13294.7231752577
13211.4570721649
12974.4414845361
12859.1451134021
12689.4014845361
12782.2808659794
12698.9937731959
12731.0240412371
12596.5221030928
12602.9239587629
12490.8180206186
12433.1803298969
12324.285814433
12407.5519175258
12429.9689072165
12324.285814433
12186.5514639175
12007.194556701
12148.1193402062
12221.7931546392
12154.542185567
12064.8532371134
12122.5119175258
12023.2096907217
12055.2399587629
11939.9435876289
12023.2096907217
12026.4211134021
12125.7023505155
12036.0343917526
12020.019257732
11891.898185567
11863.0793402062
11776.601814433
11959.1701443299
12036.0343917526
11975.1852783505
11808.6320824742
11770.1999587629
11818.2453608247
11901.5114639175
11879.0944742268
11856.6774845361
11933.5417319588
11914.3151752577
11831.0490721649
11754.1848247423
11869.4811958763
11821.4357938144
11891.898185567
11843.8737731959
11949.5568659794
11840.6623505155
11811.8435051546
11622.8733195876
11811.8435051546
11923.9284536082
11978.3757113402
11799.0188041237
11773.4113814433
11786.2150927835
12013.6174020619
11959.1701443299
11952.7682886598
11949.5568659794
12042.4362474227
11997.6022680412
11923.9284536082
11952.7682886598
11917.5265979381
11949.5568659794
11939.9435876289
12074.4665154639
11987.9889896907
11975.1852783505
11984.7775670103
12183.3610309278
12167.3458969072
12218.5817319588
12068.0646597938
12148.1193402062
12084.0797938144
12167.3458969072
12074.4665154639
12199.3761649485
12189.7628865979
12186.5514639175
12045.6476701031
12016.8078350516
12106.4967835052
12221.7931546392
12202.5665979381
12231.4064329897
12378.7330721649
12340.3009484536
12269.838556701
12138.5270515464
12359.5065154639
12407.5519175258
12455.5973195876
12253.8234226804
12279.4308453608
12167.3458969072
12199.3761649485
12247.4215670103
12452.3858969072
12445.9840412371
12452.3858969072
12356.3160824742
12465.2105979381
12490.8180206186
12510.0445773196
12362.7179381443
12474.8028865979
12503.6427216495
12506.8331546392
12365.908371134
12356.3160824742
12570.8936907217
12673.3863505155
12590.099257732
12465.2105979381
12558.0899793815
12526.0597113402
12618.9390927835
12609.325814433
12769.4561649485
12766.2657319588
12766.2657319588
12577.2955463918
12638.1446597938
12695.8033402062
12846.3414020619
12708.6070515464
12753.4410309278
12795.0845773196
12852.743257732
12711.8184742268
12698.9937731959
12721.4317525773
12807.8882886598
12801.4864329897
12836.7281237113
12916.7828041237
12871.9488247423
12843.1299793814
12823.9034226804
12952.0244948454
12884.7735257732
12961.6377731959
12865.5469690722
13048.1152989691
12971.2300618557
13006.4717525773
12884.7735257732
13035.2905979382
13009.6831752577
13032.1001649485
12913.592371134
12971.2300618557
13000.0698969072
13157.009814433
13121.7681237113
13182.6172371134
13217.858927835
13240.2759175258
13124.9795463918
13112.1548453608
13246.6777731959
13265.9043298969
13195.4419381443
13035.2905979382
13131.3814020619
13083.336
13179.4268041237
13185.8286597938
13365.1855670103
13368.376
13435.6479587629
13269.0947628866
13355.5722886598
13326.753443299
13377.9892783505
13329.9438762887
13410.0195463918
13410.0195463918
13435.6479587629
13211.4570721649
13198.632371134
13320.3515876289
13438.8383917526
13410.0195463918
13413.2309690722
13509.3007835052
13547.7329072165
13515.7026391753
13397.2158350516
13547.7329072165
13563.7480412371
13650.2255670103
13541.3310515464
13525.3159175258
13454.8535257732
13602.1801649485
13602.1801649485
13749.5068041237
13685.467257732
13720.6879587629
13605.3915876289
13701.4614020619
13621.4067216495
13739.9145154639
13647.0141443299
13704.6728247423
13704.6728247423
13688.6576907216
13573.3613195876
13640.6122886598
13848.8090309278
13848.8090309278
13778.3466391753
13685.467257732
13794.3617731959
13714.2861030928
13791.1503505155
13813.5673402062
14089.0150515464
14018.5526597938
13957.7035463918
13714.2861030928
13810.3559175258
13880.8183092784
14053.7733608247
13932.0751340206
14002.5375257732
14037.7582268041
14092.2054845361
13890.4315876289
13874.4164536083
13871.2260206186
13944.8788453608
13935.2655670103
13893.6430103093
14021.7430927835
13986.5223917526
13996.1356701031
13999.3261030928
14242.7435463918
14236.3416907216
14229.9188453608
14024.9545154639
14146.652742268
14169.0697319588
14274.773814433
14149.8641649485
14213.9247010309
14137.0394639175
14213.9247010309
14095.4169072165
14239.5321237113
14277.9642474227
14345.2362061856
14213.9247010309
14252.3568247423
14377.2664742268
14367.6531958763
14239.5321237113
14217.1151340206
14418.8890309278
14454.1307216495
14370.843628866
14207.5018556701
14249.1454020619
14252.3568247423
14466.9344329897
14434.9041649485
14537.3968247423
14476.5477113402
14563.0252371134
14495.7532783505
14582.2308041237
14563.0252371134
14569.4270927835
14460.5325773196
14495.7532783505
14476.5477113402
14450.9192989691
14329.221072165
14412.4871752577
14518.1702680412
14630.2762061856
14563.0252371134
14530.9949690722
14582.2308041237
14556.6023917526
14511.7684123711
14498.9647010309
14703.9500206186
14703.9500206186
14671.9197525773
14514.9798350515
14627.0647835052
14636.6780618557
14710.3518762887
14684.7234639175
14880.0955051546
14809.6331134021
14816.0349690722
14620.6629278351
14697.5271752577
14822.4368247423
14956.9597525773
14822.4368247423
14742.3821443299
14729.557443299
14784.0047010309
14761.5877113402
14774.3914226804
14886.4973608247
14848.0652371134
14851.2766597938
14854.4670927835
14969.7634639175
14886.4973608247
14915.3162061856
14937.7331958763
15126.7033814433
15033.824
15005.0051546392
14784.0047010309
14947.3464742268
15053.050556701
15235.5978969072
15078.6579793814
15072.2561237113
15069.0656907217
15085.0598350515
14918.527628866
14947.3464742268
15030.6125773196
15078.6579793814
14995.3918762887
14979.376742268
15027.4221443299
15033.824
15059.4524123711
15005.0051546392
15165.1355051546
15075.4675463918
15149.120371134
15040.2258556701
15171.5373608248
15174.7487835051
15254.8244536082
15136.3166597938
15209.9694845361
15113.8996701031
15094.6731134021
15075.4675463918
15277.241443299
15344.4924123711
15389.3263917526
15209.9694845361
15251.6130309278
15315.6735670103
15331.6887010309
15213.1809072165
15203.567628866
15418.1662268041
15424.5680824742
15283.6432989691
15145.9299381443
15280.4318762887
15331.6887010309
15418.1662268041
15366.9094020619
15520.6378969072
15479.0153402062
15504.6227628866
15286.8337319588
15437.3717938144
15533.4625979381
15600.7135670103
15392.537814433
15357.2961237113
15334.8791340206
15386.1359587629
