1694.26684536082
1815.96507216495
1831.98020618556
1844.78391752577
1806.35179381444
1870.4123298969
1844.78391752577
1793.54808247422
1646.22144329897
1716.68383505155
1707.07055670102
1748.71410309278
1777.53294845361
1806.35179381444
1790.33665979381
1822.36692783505
1790.33665979381
1691.05542268042
1626.99488659793
1687.84399999999
1751.90453608247
1691.05542268042
1739.10082474226
1694.26684536082
1739.10082474226
1732.69896907216
1819.17649484535
1761.51781443299
1758.30639175257
1713.47241237112
1803.16136082475
1815.96507216495
1847.99534020618
1758.30639175257
1774.3215257732
1691.05542268042
1652.62329896907
1665.42701030928
1822.36692783505
1851.18577319587
1835.19162886598
1844.78391752577
1819.17649484535
1880.02560824743
1835.19162886598
1835.19162886598
1710.28197938143
1761.51781443299
1751.90453608247
1806.35179381444
1726.29711340206
1812.75364948454
1819.17649484535
1841.59348453608
1729.48754639175
1857.6086185567
1867.20090721649
1886.42746391753
1755.11595876288
1755.11595876288
1748.71410309278
1742.29125773195
1764.7292371134
1758.30639175257
1697.45727835052
1633.39674226803
1684.65356701032
1729.48754639175
1796.73851546391
1864.0104742268
1803.16136082475
1764.7292371134
1812.75364948454
1825.57835051545
1812.75364948454
1668.63843298969
1652.62329896907
1582.1609072165
1652.62329896907
1636.60816494845
1780.74437113402
1864.0104742268
1880.02560824743
1787.14622680412
1767.91967010309
1771.13109278351
1796.73851546391
1751.90453608247
1739.10082474226
1707.07055670102
1739.10082474226
1758.30639175257
1745.50268041237
1707.07055670102
1675.04028865979
1700.66870103092
1684.65356701032
1793.54808247422
1841.59348453608
1947.27657731958
1886.42746391753
1928.07101030927
1828.76878350516
1739.10082474226
1617.40259793814
1678.2517113402
1659.02515463918
1662.23657731959
1643.01002061855
1764.7292371134
1815.96507216495
1831.98020618556
1844.78391752577
1886.42746391753
1838.38206185566
1828.76878350516
1790.33665979381
1793.54808247422
1819.17649484535
1838.38206185566
1825.57835051545
1639.81958762887
1678.2517113402
1713.47241237112
1716.68383505155
1655.83472164948
1748.71410309278
1764.7292371134
1819.17649484535
1809.56321649485
1831.98020618556
1790.33665979381
1742.29125773195
1630.20630927834
1643.01002061855
1643.01002061855
1655.83472164948
1694.26684536082
1793.54808247422
1793.54808247422
1812.75364948454
1809.56321649485
1835.19162886598
1867.20090721649
1790.33665979381
1787.14622680412
1745.50268041237
1815.96507216495
1748.71410309278
1694.26684536082
1566.14577319587
1643.01002061855
1668.63843298969
1796.73851546391
1761.51781443299
1851.18577319587
1838.38206185566
1819.17649484535
1735.88940206185
1780.74437113402
1700.66870103092
1675.04028865979
1652.62329896907
1710.28197938143
1710.28197938143
1809.56321649485
1870.4123298969
1851.18577319587
1847.99534020618
1803.16136082475
1815.96507216495
1780.74437113402
1886.42746391753
1915.24630927835
1851.18577319587
1719.87426804123
1745.50268041237
1691.05542268042
1707.07055670102
1697.45727835052
1787.14622680412
1716.68383505155
1687.84399999999
1665.42701030928
1822.36692783505
1880.02560824743
1851.18577319587
1742.29125773195
1796.73851546391
1835.19162886598
1876.814185567
1819.17649484535
1697.45727835052
1643.01002061855
1694.26684536082
1787.14622680412
1799.94993814433
1867.20090721649
1864.0104742268
1915.24630927835
1892.82931958763
1899.23117525773
1844.78391752577
1809.56321649485
1671.8498556701
1662.23657731959
1626.99488659793
1646.22144329897
1572.54762886598
1710.28197938143
1748.71410309278
1796.73851546391
1809.56321649485
1892.82931958763
1960.08028865978
2017.73896907216
2027.35224742268
2017.73896907216
2049.76923711341
2052.9596701031
2078.58808247423
1992.11055670102
2110.61835051546
2133.03534020619
2084.98993814433
2004.93525773196
2104.21649484535
2149.0504742268
2238.73942268041
2213.11101030927
2222.72428865979
2206.70915463917
2254.75455670103
2213.11101030927
2235.528
2219.51286597938
2267.55826804123
2302.77896907217
2421.28676288659
2424.49818556701
2469.33216494846
2530.18127835051
2523.7794226804
2446.91517525773
2341.2110927835
2386.06606185567
2395.65835051546
2536.58313402061
2514.1661443299
2491.74915463917
2398.86977319588
2466.12074226803
2478.94544329897
2478.94544329897
2446.91517525773
2565.42296907216
2607.0455257732
2667.89463917526
2597.43224742268
2619.87022680412
2530.18127835051
2440.51331958763
2357.22622680413
2398.86977319588
2533.39270103092
2674.31748453608
2744.75888659793
2741.56845360824
2687.12119587628
2722.34189690722
2812.03084536082
2773.59872164947
2735.16659793814
2664.70420618557
2661.49278350514
2639.07579381444
2719.15146391753
2731.95517525773
2780.00057731959
2744.75888659793
2824.83455670102
2815.22127835051
2940.13092783504
2952.95562886598
3077.86527835052
3042.62358762886
3042.62358762886
3016.99517525772
3061.8501443299
3061.8501443299
3033.01030927835
2949.74420618557
2914.52350515464
2924.11579381443
2930.53863917525
3004.19146391752
3004.19146391752
3132.31253608248
3177.14651546392
3125.88969072165
2965.75934020618
2949.74420618557
2863.26668041237
2821.64412371134
2738.35703092783
2834.44783505155
2840.84969072165
2914.52350515464
2895.2969484536
2933.72907216494
2888.8950927835
2834.44783505155
2763.98544329896
2805.62898969072
2808.81942268041
2808.81942268041
2831.23641237114
2834.44783505155
2767.19686597937
2706.32676288659
2731.95517525773
2731.95517525773
2812.03084536082
2834.44783505155
2866.47810309279
2808.81942268041
2892.10651546391
2911.31208247422
2901.6988041237
2767.19686597937
2744.75888659793
2690.31162886597
2683.90977319587
2607.0455257732
2709.53818556701
2747.97030927836
2821.64412371134
2815.22127835051
2904.91022680412
2924.11579381443
2914.52350515464
2911.31208247422
2837.65925773196
2796.0157113402
2783.212
2831.23641237114
2722.34189690722
2709.53818556701
2687.12119587628
2741.56845360824
2715.94004123712
2802.41756701031
2741.56845360824
2799.20614432989
2818.43270103092
2975.3726185567
2965.75934020618
2904.91022680412
2770.38729896906
2776.78915463916
2671.10606185567
2600.64367010309
2555.80969072165
2607.0455257732
2667.89463917526
2690.31162886597
2738.35703092783
2799.20614432989
2831.23641237114
2872.87995876289
2789.6138556701
2584.62853608247
2651.87950515464
2674.31748453608
2706.32676288659
2661.49278350514
2719.15146391753
2706.32676288659
2744.75888659793
2703.13632989691
2703.13632989691
2635.86437113403
2655.09092783504
2677.50791752577
2805.62898969072
2796.0157113402
2780.00057731959
2780.00057731959
2844.06111340206
2751.18173195876
2642.28721649484
2613.4473814433
2613.4473814433
2690.31162886597
2744.75888659793
2783.212
2735.16659793814
2796.0157113402
2815.22127835051
2802.41756701031
2607.0455257732
2607.0455257732
2607.0455257732
2661.49278350514
2610.25694845361
2712.74960824742
2757.58358762886
2796.0157113402
2747.97030927836
2741.56845360824
2699.92490721649
2725.55331958763
2751.18173195876
2808.81942268041
2770.38729896906
2712.74960824742
2751.18173195876
2741.56845360824
2664.70420618557
2562.21154639175
2607.0455257732
2661.49278350514
2751.18173195876
2780.00057731959
2776.78915463916
2770.38729896906
2908.10065979381
2815.22127835051
2728.76474226804
2597.43224742268
2658.30235051546
2699.92490721649
2699.92490721649
2623.06065979381
2683.90977319587
2773.59872164947
2818.43270103092
2780.00057731959
2776.78915463916
2773.59872164947
2770.38729896906
2712.74960824742
2664.70420618557
2696.7344742268
2725.55331958763
2703.13632989691
2536.58313402061
2462.93030927834
2462.93030927834
2523.7794226804
2510.9757113402
2616.65880412371
2610.25694845361
2687.12119587628
2696.7344742268
2853.65340206185
2847.25154639175
2760.77402061856
2610.25694845361
2607.0455257732
2587.83995876289
2610.25694845361
2645.47764948454
2754.37216494846
2776.78915463916
2703.13632989691
2690.31162886597
2680.71934020618
2651.87950515464
2687.12119587628
2696.7344742268
2619.87022680412
2751.18173195876
2815.22127835051
2831.23641237114
2757.58358762886
2760.77402061856
2715.94004123712
2741.56845360824
2687.12119587628
2722.34189690722
2696.7344742268
2773.59872164947
2706.32676288659
2760.77402061856
2712.74960824742
2671.10606185567
2680.71934020618
2776.78915463916
2699.92490721649
2623.06065979381
2680.71934020618
2719.15146391753
2818.43270103092
2773.59872164947
2712.74960824742
2584.62853608247
2715.94004123712
2706.32676288659
2591.03039175258
2446.91517525773
2456.52845360824
2485.34729896907
2523.7794226804
2546.19641237113
2629.46251546391
2722.34189690722
2786.40243298969
2706.32676288659
2751.18173195876
2722.34189690722
2706.32676288659
2722.34189690722
2725.55331958763
2626.27208247423
2594.24181443299
2677.50791752577
2639.07579381444
2539.79455670102
2485.34729896907
2526.99084536082
2587.83995876289
2776.78915463916
2799.20614432989
2796.0157113402
2757.58358762886
2863.26668041237
2818.43270103092
2731.95517525773
2648.68907216494
2661.49278350514
2603.8550927835
2600.64367010309
2546.19641237113
2658.30235051546
2725.55331958763
2725.55331958763
2687.12119587628
2754.37216494846
2786.40243298969
2863.26668041237
2812.03084536082
2722.34189690722
2706.32676288659
2667.89463917526
2687.12119587628
2581.41711340206
2571.82482474226
2581.41711340206
2603.8550927835
2542.98498969071
2619.87022680412
2623.06065979381
2687.12119587628
2594.24181443299
2683.90977319587
2661.49278350514
2683.90977319587
2581.41711340206
2642.28721649484
2575.01525773195
2581.41711340206
2578.22668041236
2664.70420618557
2699.92490721649
2738.35703092783
2703.13632989691
2667.89463917526
2706.32676288659
2757.58358762886
2731.95517525773
2655.09092783504
2719.15146391753
2687.12119587628
2607.0455257732
2475.73402061856
2568.61340206185
2603.8550927835
2690.31162886597
2664.70420618557
2770.38729896906
2751.18173195876
2796.0157113402
2703.13632989691
2719.15146391753
2680.71934020618
2623.06065979381
2587.83995876289
2623.06065979381
2639.07579381444
2639.07579381444
2674.31748453608
2642.28721649484
2687.12119587628
2703.13632989691
2776.78915463916
2802.41756701031
2840.84969072165
2770.38729896906
2664.70420618557
2466.12074226803
2514.1661443299
2491.74915463917
2526.99084536082
2491.74915463917
2635.86437113403
2696.7344742268
2715.94004123712
2635.86437113403
2754.37216494846
2770.38729896906
2728.76474226804
2619.87022680412
2671.10606185567
2696.7344742268
2687.12119587628
2677.50791752577
2581.41711340206
2510.9757113402
2555.80969072165
2645.47764948454
2629.46251546391
2683.90977319587
2667.89463917526
2667.89463917526
2632.67393814434
2719.15146391753
2741.56845360824
2696.7344742268
2575.01525773195
2549.40783505155
2533.39270103092
2587.83995876289
2587.83995876289
2610.25694845361
2510.9757113402
2536.58313402061
2539.79455670102
2706.32676288659
2757.58358762886
2719.15146391753
2648.68907216494
2648.68907216494
2735.16659793814
2725.55331958763
2712.74960824742
2623.06065979381
2655.09092783504
2651.87950515464
2687.12119587628
2658.30235051546
2757.58358762886
2728.76474226804
2683.90977319587
2607.0455257732
2658.30235051546
2639.07579381444
2629.46251546391
2504.55286597938
2571.82482474226
2562.21154639175
2706.32676288659
2770.38729896906
2786.40243298969
2757.58358762886
2738.35703092783
2735.16659793814
2786.40243298969
2776.78915463916
2648.68907216494
2658.30235051546
2619.87022680412
2626.27208247423
2610.25694845361
2623.06065979381
2478.94544329897
2584.62853608247
2607.0455257732
2616.65880412371
2600.64367010309
2760.77402061856
2751.18173195876
2680.71934020618
2523.7794226804
2520.56800000001
2523.7794226804
2594.24181443299
2504.55286597938
2462.93030927834
2504.55286597938
2587.83995876289
2623.06065979381
2712.74960824742
2715.94004123712
2655.09092783504
2722.34189690722
2658.30235051546
2677.50791752577
2645.47764948454
