1537.32692783505
1508.50808247422
1479.68923711341
1460.46268041237
1569.35719587629
1649.43286597938
1655.83472164948
1591.77418556701
1623.80445360824
1668.63843298969
1710.28197938144
1582.1609072165
1450.84940206186
1460.46268041237
1530.92507216495
1623.80445360824
1588.58375257732
1665.448
1678.25171134021
1697.47826804124
1607.78931958764
1617.40259793814
1550.13063917526
1566.14577319588
1495.68338144331
1591.77418556701
1572.56861855671
1588.58375257732
1588.58375257732
1620.59303092784
1591.77418556701
1524.52321649485
1553.34206185567
1562.95534020619
1617.40259793814
1562.95534020619
1534.13649484536
1418.81913402062
1627.01587628865
1713.47241237113
1652.62329896907
1537.32692783505
1633.41773195877
1643.03101030928
1668.63843298969
1572.56861855671
1585.37232989691
1594.98560824742
1639.81958762887
1633.41773195877
1639.81958762887
1572.56861855671
1479.68923711341
1454.06082474227
1473.26639175258
1489.28152577321
1521.31179381444
1591.77418556701
1630.20630927834
1694.26684536083
1668.63843298969
1614.19117525774
1518.12136082475
1623.80445360824
1684.65356701032
1643.03101030928
1489.28152577321
1428.43241237113
1438.04569072165
1489.28152577321
1470.07595876289
1527.71364948454
1594.98560824742
1630.20630927834
1598.17604123711
1751.9255257732
1739.10082474228
1668.63843298969
1562.95534020619
1566.14577319588
1514.90993814432
1511.69851546392
1476.47781443299
1454.06082474227
1418.81913402062
1489.28152577321
1505.29665979382
1473.26639175258
1534.13649484536
1627.01587628865
1662.23657731959
1659.02515463918
1687.86498969073
1659.02515463918
1707.07055670103
1588.58375257732
1566.14577319588
1473.26639175258
1479.68923711341
1492.49294845362
1572.56861855671
1508.50808247422
1524.52321649485
1514.90993814432
1623.80445360824
1620.59303092784
1665.448
1594.98560824742
1611.00074226804
1566.14577319588
1495.68338144331
1444.44754639176
1415.62870103093
1540.53835051546
1550.13063917526
1572.56861855671
1489.28152577321
1566.14577319588
1601.38746391754
1687.86498969073
1514.90993814432
1524.52321649485
1486.09109278352
1572.56861855671
1543.72878350515
1620.59303092784
1562.95534020619
1572.56861855671
1582.1609072165
1607.78931958764
1543.72878350515
1524.52321649485
1575.7590515464
1559.74391752577
1585.37232989691
1508.50808247422
1543.72878350515
1524.52321649485
1588.58375257732
1556.55348453609
1537.32692783505
1463.67410309279
1627.01587628865
1703.88012371134
1729.48754639176
1633.41773195877
1671.8498556701
1668.63843298969
1710.28197938144
1636.60816494845
1614.19117525774
1543.72878350515
1518.12136082475
1495.68338144331
1559.74391752577
1553.34206185567
1566.14577319588
1601.38746391754
1627.01587628865
1627.01587628865
1633.41773195877
1671.8498556701
1646.22144329897
1668.63843298969
1582.1609072165
1543.72878350515
1543.72878350515
1601.38746391754
1562.95534020619
1476.47781443299
1383.5984329897
1482.87967010309
1607.78931958764
1659.02515463918
1572.56861855671
1649.43286597938
1643.03101030928
1639.81958762887
1569.35719587629
1511.69851546392
1454.06082474227
1482.87967010309
1540.53835051546
1498.89480412372
1511.69851546392
1537.32692783505
1607.78931958764
1569.35719587629
1611.00074226804
1604.57789690722
1611.00074226804
1604.57789690722
1723.08569072166
1691.05542268042
1614.19117525774
1495.68338144331
1502.10622680412
1508.50808247422
1598.17604123711
1546.94020618557
1575.7590515464
1578.97047422681
1710.28197938144
1783.93480412371
1831.98020618557
1703.88012371134
1630.20630927834
1662.23657731959
1758.3273814433
1815.96507216495
1774.34251546392
1716.68383505155
1662.23657731959
1732.69896907217
1723.08569072166
1678.25171134021
1562.95534020619
1578.97047422681
1611.00074226804
1627.01587628865
1524.52321649485
1601.38746391754
1611.00074226804
1630.20630927834
1508.50808247422
1601.38746391754
1591.77418556701
1671.8498556701
1735.91039175257
1815.96507216495
1899.25216494845
1812.77463917526
1873.62375257732
1854.3971958763
1835.19162886598
1790.35764948453
1761.51781443299
1764.7292371134
1819.17649484536
1851.20676288659
1873.62375257732
1864.0104742268
2081.79950515465
1950.488
1963.29171134022
1969.69356701032
2145.86004123711
2261.15641237113
2206.70915463918
2081.79950515465
2081.79950515465
2081.79950515465
2056.17109278351
1950.488
2024.14082474227
2068.99579381443
2197.09587628867
2248.35270103093
2257.94498969072
2270.76969072166
2325.2169484536
2408.4830515464
2376.45278350515
2325.2169484536
2261.15641237113
2302.79995876289
2286.78482474227
2357.24721649485
2270.76969072166
2251.54313402062
2270.76969072166
2354.03579381444
2363.64907216495
2389.27748453609
2273.96012371135
2421.2867628866
2456.52845360824
2437.30189690723
2443.72474226804
2507.7642886598
2530.18127835052
2536.60412371134
2523.77942268042
2514.1661443299
2478.94544329897
2517.37756701031
2568.61340206186
2430.90004123712
2571.82482474226
2651.90049484536
2709.53818556701
2591.0513814433
2578.22668041236
2520.58898969073
2562.21154639176
2478.94544329897
2571.82482474226
2536.60412371134
2664.70420618558
2693.52305154639
2805.62898969072
2876.0913814433
2860.07624742269
2808.84041237113
2783.21200000001
2687.12119587628
2661.49278350516
2594.24181443299
2635.88536082475
2747.97030927836
2735.16659793814
2799.22713402061
2712.74960824742
2773.59872164949
2731.95517525773
2715.94004123712
2693.52305154639
2767.19686597938
2712.74960824742
2712.74960824742
2575.03624742269
2600.64367010309
2530.18127835052
2453.31703092783
2382.85463917525
2514.1661443299
2587.83995876289
2693.52305154639
2639.07579381444
2680.71934020618
2747.97030927836
2786.40243298969
2799.22713402061
2667.91562886598
2539.79455670103
2623.06065979381
2642.28721649485
2482.15686597938
2472.54358762887
2421.2867628866
2514.1661443299
2568.61340206186
2571.82482474226
2543.00597938146
2498.15101030928
2510.97571134021
2696.73447422681
2664.70420618558
2600.64367010309
2543.00597938146
2539.79455670103
2510.97571134021
2466.14173195877
2392.46791752578
2498.15101030928
2517.37756701031
2526.99084536083
2584.62853608248
2546.19641237113
2619.87022680413
2642.28721649485
2571.82482474226
2510.97571134021
2523.77942268042
2543.00597938146
2600.64367010309
2437.30189690723
2434.11146391752
2421.2867628866
2418.09632989691
2450.12659793814
2543.00597938146
2469.33216494846
2584.62853608248
2504.57385567011
2648.68907216495
2591.0513814433
2456.52845360824
2421.2867628866
2450.12659793814
2411.69447422681
2475.73402061856
2504.57385567011
2552.59826804125
2594.24181443299
2469.33216494846
2456.52845360824
2366.83950515464
2491.74915463917
2607.0455257732
2565.42296907216
2430.90004123712
2571.82482474226
2539.79455670103
2546.19641237113
2446.91517525773
2405.27162886598
2466.14173195877
2514.1661443299
2543.00597938146
2632.67393814434
2549.40783505156
2591.0513814433
2562.21154639176
2443.72474226804
2437.30189690723
2411.69447422681
2446.91517525773
2437.30189690723
2405.27162886598
2376.45278350515
2482.15686597938
2411.69447422681
2530.18127835052
2491.74915463917
2533.39270103093
2549.40783505156
2587.83995876289
2613.46837113402
2543.00597938146
2395.67934020619
2402.08119587629
2382.85463917525
2414.8849072165
2350.82437113402
2411.69447422681
2437.30189690723
2462.93030927835
2446.91517525773
2514.1661443299
2491.74915463917
2552.59826804125
2552.59826804125
2443.72474226804
2376.45278350515
2357.24721649485
2414.8849072165
2418.09632989691
2446.91517525773
2543.00597938146
2510.97571134021
2421.2867628866
2520.58898969073
2549.40783505156
2635.88536082475
2555.80969072166
2510.97571134021
2514.1661443299
2607.0455257732
2610.25694845361
2610.25694845361
2421.2867628866
2286.78482474227
2309.201814433
2459.71888659793
2530.18127835052
2543.00597938146
2539.79455670103
2546.19641237113
2597.4532371134
2578.22668041236
2478.94544329897
2322.0055257732
2379.66420618556
2434.11146391752
2466.14173195877
2363.64907216495
2466.14173195877
2475.73402061856
2507.7642886598
2421.2867628866
2395.67934020619
2395.67934020619
2491.74915463917
2478.94544329897
2559.02111340206
2434.11146391752
2408.4830515464
2379.66420618556
2379.66420618556
2334.83022680412
2277.17154639176
2386.06606185568
2434.11146391752
2443.72474226804
2475.73402061856
2485.34729896907
2478.94544329897
2559.02111340206
2510.97571134021
2469.33216494846
2347.63393814433
2450.12659793814
2450.12659793814
2414.8849072165
2363.64907216495
2466.14173195877
2546.19641237113
2597.4532371134
2459.71888659793
2507.7642886598
2559.02111340206
2629.48350515465
2610.25694845361
2607.0455257732
2543.00597938146
2466.14173195877
2427.70960824742
2395.67934020619
2347.63393814433
2376.45278350515
2414.8849072165
2395.67934020619
2440.51331958763
2424.49818556701
2501.36243298969
2485.34729896907
2526.99084536083
2443.72474226804
2405.27162886598
2392.46791752578
2510.97571134021
2478.94544329897
2453.31703092783
2366.83950515464
2414.8849072165
2395.67934020619
2414.8849072165
2354.03579381444
2331.61880412371
2347.63393814433
2357.24721649485
2402.08119587629
2389.27748453609
2398.86977319588
2421.2867628866
2453.31703092783
2350.82437113402
2414.8849072165
2469.33216494846
2482.15686597938
2402.08119587629
2475.73402061856
2494.96057731959
2520.58898969073
2475.73402061856
2507.7642886598
2462.93030927835
2466.14173195877
2360.43764948454
2453.31703092783
2386.06606185568
2411.69447422681
2498.15101030928
2610.25694845361
2562.21154639176
2459.71888659793
2446.91517525773
2485.34729896907
2501.36243298969
2450.12659793814
2302.79995876289
2193.90544329898
2334.83022680412
2360.43764948454
2395.67934020619
2257.94498969072
2283.57340206186
2370.05092783505
2456.52845360824
2482.15686597938
2514.1661443299
2482.15686597938
2562.21154639176
2498.15101030928
2488.55872164948
2334.83022680412
2209.92057731958
2181.08074226804
2264.36783505155
2322.0055257732
2350.82437113402
2402.08119587629
2491.74915463917
2591.0513814433
2568.61340206186
2462.93030927835
2350.82437113402
2430.90004123712
2456.52845360824
2491.74915463917
2402.08119587629
2430.90004123712
2370.05092783505
2350.82437113402
2296.37711340206
2347.63393814433
2299.58853608248
2376.45278350515
2421.2867628866
2533.39270103093
2543.00597938146
2543.00597938146
2501.36243298969
2482.15686597938
2421.2867628866
2363.64907216495
2277.17154639176
2283.57340206186
2248.35270103093
2296.37711340206
2309.201814433
2267.55826804123
2395.67934020619
2408.4830515464
2469.33216494846
2414.8849072165
2437.30189690723
2427.70960824742
2488.55872164948
2418.09632989691
2382.85463917525
2331.61880412371
2379.66420618556
2411.69447422681
2552.59826804125
2472.54358762887
2418.09632989691
2373.26235051546
2434.11146391752
2395.67934020619
2363.64907216495
2366.83950515464
2389.27748453609
2414.8849072165
2421.2867628866
2430.90004123712
2392.46791752578
2462.93030927835
2504.57385567011
2456.52845360824
2360.43764948454
2446.91517525773
2462.93030927835
2520.58898969073
2382.85463917525
2424.49818556701
2382.85463917525
2322.0055257732
2238.73942268041
2302.79995876289
2325.2169484536
2373.26235051546
2386.06606185568
2424.49818556701
2485.34729896907
2501.36243298969
2498.15101030928
2469.33216494846
2389.27748453609
2277.17154639176
2302.79995876289
2283.57340206186
2379.66420618556
2312.39224742268
2280.38296907217
2222.72428865979
2370.05092783505
2370.05092783505
2363.64907216495
2315.6036701031
2469.33216494846
2552.59826804125
2623.06065979381
2530.18127835052
2491.74915463917
2456.52845360824
2443.72474226804
2376.45278350515
2350.82437113402
2325.2169484536
2386.06606185568
2523.77942268042
2539.79455670103
2546.19641237113
2510.97571134021
2520.58898969073
2414.8849072165
2408.4830515464
2411.69447422681
2389.27748453609
2299.58853608248
2379.66420618556
2382.85463917525
2437.30189690723
2411.69447422681
2430.90004123712
2354.03579381444
2315.6036701031
