11552.4109278351
11626.084742268
11638.8884536082
11539.6072164948
11581.2297731959
11783.0036701031
11754.1848247423
11562.0242061856
11401.8728659794
11552.4109278351
11574.8279175258
11616.4714639175
11523.5920824742
11677.3205773196
11702.9489896907
11699.7375670103
11469.1448247423
11446.7278350515
11485.1599587629
11670.9187216495
11606.858185567
11558.8127835051
11443.5164123711
11469.1448247423
11440.3049896907
11517.1902268041
11558.8127835051
11606.858185567
11523.5920824742
11478.7371134021
11622.8733195876
11594.0544742268
11478.7371134021
11475.5466804124
11597.2449072165
11488.3503917526
11453.1296907216
11353.8484536082
11478.7371134021
11523.5920824742
11674.1091546392
11526.7825154639
11571.6374845361
11497.9636701031
11533.184371134
11453.1296907216
11574.8279175258
11603.6467628866
11626.084742268
11478.7371134021
11491.561814433
11606.858185567
11875.8830515464
12071.2550927835
12381.9235051546
12827.1148453608
13051.3057319588
13304.3364536082
13361.9741443299
13675.8539793814
13528.5273402062
13173.0039587629
12676.5767835052
12500.4312989691
12096.8835051546
11693.3357113402
11203.3103917526
11071.9988865979
10940.6873814433
10764.5209072165
10620.4056907216
10937.4759587629
11203.3103917526
11597.2449072165
11747.7829690722
11946.345443299
12381.9235051546
12612.5372371134
12657.3712164948
12811.0997113402
13166.6021030928
13426.0346804124
13659.8388453608
13711.0746804124
14117.8338969072
14191.4867216495
14255.547257732
14245.9339793814
14457.3211546392
14591.8440824742
14822.4368247423
14563.0252371134
14681.5120412371
14784.0047010309
14896.1106391753
14825.6482474227
14960.1711752577
15021.0202886598
15120.3015257732
14908.9143505155
14902.5124948454
15088.271257732
15069.0656907216
15062.6428453608
15049.8391340206
15225.9846185567
15209.9694845361
14998.6032989691
14832.0501030928
15011.4070103093
14982.5881649485
15078.6579793814
14950.5578969072
15117.0901030928
15078.6579793814
14940.9446185567
14787.2161237113
14902.5124948454
14995.3918762887
15078.6579793814
14822.4368247423
14899.3010721649
14940.9446185567
15021.0202886598
14931.3313402062
14966.5730309278
15133.1052371134
15261.2263092784
15046.6277113402
14988.9900206186
15200.3771958763
15094.6731134021
15030.6125773196
14972.9748865979
15133.1052371134
15021.0202886598
14947.3464742268
14876.8840824742
15232.4074639175
15277.241443299
15315.6735670103
14985.7785979381
15088.271257732
15190.7639175258
15149.120371134
14915.3162061856
15001.7937319588
15136.3166597938
15299.6584329897
15142.7185154639
15011.4070103093
15149.120371134
15245.2111752577
15209.9694845361
15158.7336494845
15008.1955876289
14691.1253195876
14322.8192164948
13919.2504329897
13816.7787628866
13675.8539793814
13570.1498969072
13294.7231752577
13211.457072165
12974.4414845361
12859.1451134021
12689.4014845361
12782.2808659794
12698.9937731959
12731.0240412371
12596.5221030928
12602.9239587629
12490.8180206185
12433.1803298969
12324.285814433
12407.5519175258
12429.9689072165
12324.285814433
12186.5514639175
12007.194556701
12148.1193402062
12221.7931546392
12154.542185567
12064.8532371134
12122.5119175258
12023.2096907216
12055.2399587629
11939.9435876289
12023.2096907216
12026.4211134021
12125.7023505155
12036.0343917526
12020.019257732
11891.898185567
11863.0793402062
11776.601814433
11959.1701443299
12036.0343917526
11975.1852783505
11808.6320824742
11770.1999587629
11818.2453608247
11901.5114639175
11879.0944742268
11856.6774845361
11933.5417319588
11914.3151752577
11831.0490721649
11754.1848247423
11869.4811958763
11821.4357938144
11891.898185567
11843.8737731959
11949.5568659794
11840.6623505155
11811.8435051546
11622.8733195876
11811.8435051546
11923.9284536082
11978.3757113402
11799.0188041237
11773.4113814433
11786.2150927835
12013.6174020618
11959.1701443299
11952.7682886598
11949.5568659794
12042.4362474227
11997.6022680412
11923.9284536082
11952.7682886598
11917.5265979381
11949.5568659794
11939.9435876289
12074.4665154639
11987.9889896907
11975.1852783505
11984.7775670103
12183.3610309278
12167.3458969072
12218.5817319588
12068.0646597938
12148.1193402062
12084.0797938144
12167.3458969072
12074.4665154639
12199.3761649485
12189.7628865979
12186.5514639175
