17339.8143917526
17170.0497731959
17182.8744742268
17359.0199587629
17483.9296082474
17195.678185567
17064.3666804124
17205.2914639175
17298.1708453608
17349.4066804124
17250.125443299
17461.5126185567
17471.1258969072
17471.1258969072
17352.6181030928
17474.3163298969
17381.4369484536
17506.3465979381
17359.0199587629
17407.0653608247
17355.8295257732
17310.974556701
17192.4877525773
17349.4066804124
17439.095628866
17650.4828041237
17480.718185567
17416.6786391753
17496.7333195876
17490.3314639175
17387.8388041237
17506.3465979381
17605.6278350515
17570.4071340206
17403.8539381443
17192.4877525773
17381.4369484536
17407.0653608247
17515.9598762887
17471.1258969072
17547.9901443299
17464.7030515464
17506.3465979381
17266.1405773196
17439.095628866
17509.5580206186
17564.0052783505
17397.4520824742
17512.7484536082
17419.8690721649
17515.9598762887
17403.8539381443
17487.1410309278
17580.0204123711
17589.6127010309
17480.718185567
17471.1258969072
17573.5975670103
17570.4071340206
17535.165443299
17490.3314639175
17695.3167835052
17621.6429690722
17509.5580206186
17400.6635051546
17682.4920824742
17618.4525360825
17717.7337731959
17570.4071340206
17704.9300618557
17711.3319175258
17676.0902268041
17413.4672164948
17580.0204123711
17669.688371134
17679.3016494845
17499.9447422681
17493.5428865979
17557.6034226804
17692.1053608247
17615.2411134021
17576.8089896907
17768.9696082474
17765.7791752577
17618.4525360825
17496.7333195876
17660.0750927835
17672.8997938144
17807.4017319588
17612.0506804124
17672.8997938144
17515.9598762887
17541.5882886598
17391.0502268041
17612.0506804124
17708.1204948454
17746.5526185567
17631.2562474227
17784.984742268
17836.2415670103
17813.8245773196
17602.4374020619
17605.6278350515
17733.7489072165
17797.809443299
17602.4374020619
17499.9447422681
17672.8997938144
17784.984742268
17794.5980206185
17660.0750927835
17775.3924536082
17768.9696082474
17890.6888247423
17768.9696082474
17829.8397113402
17701.7186391753
17823.4168659794
17730.5374845361
17817.0150103093
17628.0448247423
17564.0052783505
17496.7333195876
17695.3167835052
17791.3865979381
17868.2718350515
17676.0902268041
17746.5526185567
17775.3924536082
17829.8397113402
17794.5980206185
17887.4774020618
17980.3567835052
17881.0755463918
17663.2865154639
17551.1805773196
17768.9696082474
17794.5980206185
17881.0755463918
17784.984742268
18012.3870515464
17929.1209484536
17826.6282886598
17583.2108453608
17797.809443299
17890.6888247423
17922.7190927835
17644.0599587629
17772.1810309278
17861.8489896907
17970.7435051546
17807.4017319588
17820.2264329897
17900.2811134021
17993.1814845361
17865.0604123711
17768.9696082474
17890.6888247423
17938.7342268041
17957.9397938144
17925.9095257732
18054.0305979381
17865.0604123711
17794.5980206185
17656.8846597938
17913.105814433
18015.5984742268
18137.2967010309
17919.5076701031
18005.9851958763
17932.3113814433
17980.3567835052
17746.5526185567
17845.8338556701
17929.1209484536
17986.7586391753
17807.4017319588
17733.7489072165
17800.9998762887
17897.0906804124
17861.8489896907
17900.2811134021
18025.1907628866
17983.5682061856
17881.0755463918
17817.0150103093
18028.402185567
18002.7737731959
18031.6136082474
17820.2264329897
17913.105814433
17890.6888247423
17951.5379381443
17874.6736907216
18025.1907628866
17961.1512164949
18127.6834226804
18057.2210309278
18169.3269690722
18105.2664329897
18034.8040412371
17964.3416494845
18114.8797113402
18118.0701443299
18041.2058969072
17810.6131546392
17797.809443299
18108.4778556701
18114.8797113402
17957.9397938144
17813.8245773196
18073.2361649485
18143.698556701
18146.9099793814
18025.1907628866
18188.5325360825
18182.1306804124
18207.7590927835
17948.3265154639
17929.1209484536
17817.0150103093
17858.658556701
17807.4017319588
18070.0457319588
18182.1306804124
18207.7590927835
17961.1512164949
18025.1907628866
18095.6531546392
18150.1004123711
17993.1814845361
17929.1209484536
18060.4324536082
18086.0608659794
18012.3870515464
17929.1209484536
18108.4778556701
18118.0701443299
18156.5022680412
18012.3870515464
18130.8948453608
18124.4929896907
18108.4778556701
17957.9397938144
18172.5174020619
18239.7893608247
18271.819628866
18047.6077525773
18114.8797113402
18140.5081237113
18275.0100618557
18111.6682886598
18089.2512989691
18140.5081237113
18239.7893608247
18194.9553814433
18134.0852783505
18233.3875051546
18204.5476701031
18204.5476701031
18121.2815670103
18198.145814433
18022.0003298969
17964.3416494845
17938.7342268041
18265.3967835051
18351.8743092784
18425.5481237113
18194.9553814433
18246.1912164948
18150.1004123711
18172.5174020619
18031.6136082474
18108.4778556701
18089.2512989691
18108.4778556701
17945.1360824742
18018.7889072165
18089.2512989691
18201.3572371134
18118.0701443299
18166.1155463918
18307.0403298969
18262.2063505155
18127.6834226804
18034.8040412371
18268.6082061856
18242.9797938144
18246.1912164948
18022.0003298969
18153.3118350515
18108.4778556701
18146.9099793814
18060.4324536082
18294.2366185567
18358.2971546392
18393.5178556701
18172.5174020619
18275.0100618557
18249.4026391753
18271.819628866
18111.6682886598
18226.9646597938
18291.0251958763
18339.0705979381
18082.849443299
17993.1814845361
18198.145814433
18303.8498969072
18194.9553814433
18076.4475876289
18294.2366185567
18249.4026391753
18278.2214845361
18178.9402474227
18415.9348453608
18431.9499793814
18351.8743092784
17993.1814845361
18038.0154639175
18025.1907628866
18236.5779381443
18172.5174020619
18316.6536082474
18364.6990103093
18467.1916701031
18242.9797938144
18233.3875051546
18217.372371134
18319.8440412371
18242.9797938144
18182.1306804124
18278.2214845361
18230.1760824742
18236.5779381443
18287.8347628866
18486.3972371134
18374.2912989691
18329.4573195876
18198.145814433
18387.116
18339.0705979381
18291.0251958763
18156.5022680412
18431.9499793814
18454.3669690722
18451.1765360825
18185.3421030928
18226.9646597938
18278.2214845361
18323.0554639175
18178.9402474227
18246.1912164948
18316.6536082474
18387.116
18297.4270515464
18242.9797938144
18403.1311340206
18364.6990103093
18191.7439587629
18034.8040412371
18188.5325360825
18137.2967010309
18246.1912164948
18182.1306804124
18476.7839587629
18492.7990927835
18473.5935257732
18214.1609484536
18297.4270515464
18316.6536082474
18319.8440412371
18220.5628041237
18348.6838762887
18371.1008659794
18323.0554639175
18137.2967010309
18178.9402474227
18371.1008659794
18496.0105154639
18323.0554639175
18380.7141443299
18499.2009484536
18512.0256494845
18409.5329896907
18374.2912989691
18537.633072165
18486.3972371134
18415.9348453608
18172.5174020619
18351.8743092784
18303.8498969072
18361.4875876289
18233.3875051546
18451.1765360825
18492.7990927835
18598.5031752577
18326.266886598
18355.0857319588
18371.1008659794
18483.185814433
18380.7141443299
18380.7141443299
18310.2517525773
18246.1912164948
18162.9251134021
18258.9949278351
18409.5329896907
18496.0105154639
18393.5178556701
18323.0554639175
18457.5783917526
18383.9045773196
18380.7141443299
18342.2820206185
18560.0710515464
18422.3367010309
18355.0857319588
18114.8797113402
18287.8347628866
18383.9045773196
18451.1765360825
18262.2063505155
18387.116
18479.9953814433
18553.6482061856
18358.2971546392
18364.6990103093
18438.3518350516
18582.4880412371
18460.7688247423
18470.3821030928
18566.4729072165
18515.2160824742
18451.1765360825
18399.9197113402
18569.6633402062
18515.2160824742
18521.6389278351
18374.2912989691
18585.6784742268
18531.2312164948
18476.7839587629
18297.4270515464
18476.7839587629
18479.9953814433
18476.7839587629
18166.1155463918
18342.2820206185
18473.5935257732
18604.9050309278
18447.9651134021
18467.1916701031
18537.633072165
18531.2312164948
18380.7141443299
18345.4724536083
18540.8444948454
18486.3972371134
18351.8743092784
18150.1004123711
18268.6082061856
18310.2517525773
18393.5178556701
18323.0554639175
18499.2009484536
18499.2009484536
18534.4426391753
18371.1008659794
18467.1916701031
18489.6086597938
18630.5124536082
18460.7688247423
18483.185814433
18425.5481237113
18422.3367010309
18258.9949278351
18457.5783917526
18563.2614845361
18604.9050309278
18457.5783917526
18515.2160824742
18684.9597113402
18684.9597113402
18598.5031752577
18425.5481237113
18627.3220206186
18540.8444948454
18479.9953814433
18339.0705979381
18467.1916701031
18435.1614020619
18502.412371134
18479.9953814433
18627.3220206186
18598.5031752577
18582.4880412371
18345.4724536083
18556.859628866
18611.3068865979
18646.5275876289
18441.563257732
18463.9802474227
18428.738556701
18454.3669690722
18390.3064329897
18412.7444123711
18630.5124536082
18636.9352989691
18560.0710515464
18454.3669690722
18601.6936082474
18505.6237938144
18524.8293608247
18515.2160824742
18668.9655670103
18492.7990927835
18406.3215670103
18194.9553814433
18463.9802474227
18617.708742268
18700.9748453608
18403.1311340206
18521.6389278351
18604.9050309278
18656.1408659794
18470.3821030928
18531.2312164948
18617.708742268
18668.9655670103
18521.6389278351
18431.9499793814
18524.8293608247
18540.8444948454
18524.8293608247
18524.8293608247
18784.2619381443
18694.5729896907
18640.1257319588
18422.3367010309
18579.2766185567
18572.8747628866
18636.9352989691
18460.7688247423
18544.0559175258
18457.5783917526
18489.6086597938
18367.889443299
18473.5935257732
18521.6389278351
18617.708742268
18489.6086597938
18601.6936082474
18620.9201649485
18592.0803298969
18460.7688247423
18534.4426391753
18726.603257732
18691.382556701
18486.3972371134
18316.6536082474
18502.412371134
18540.8444948454
18636.9352989691
18524.8293608247
18729.8146804124
18700.9748453608
18688.1711340206
18473.5935257732
18585.6784742268
18624.1105979381
18633.7238762887
18431.9499793814
18508.8142268041
18505.6237938144
18544.0559175258
18422.3367010309
18576.0651958763
18742.6183917526
18806.678927835
18646.5275876289
18643.3371546392
18777.8600824742
18749.0202474227
18649.7390103093
18604.9050309278
18761.8449484536
18601.6936082474
18457.5783917526
18284.6233402062
18550.4577731959
18656.1408659794
18694.5729896907
18479.9953814433
18656.1408659794
18694.5729896907
18710.5881237113
18460.7688247423
18582.4880412371
18659.3522886598
18733.0051134021
18566.4729072165
18534.4426391753
18512.0256494845
18563.2614845361
18518.4275051546
18550.4577731959
18765.0353814433
18774.6486597938
18684.9597113402
18588.8898969072
18752.2316701031
18697.7844123711
18720.2014020619
18547.2463505155
18659.3522886598
18563.2614845361
18595.2917525773
18451.1765360825
18681.7692783505
18704.1862680412
18765.0353814433
18566.4729072165
18656.1408659794
18604.9050309278
18643.3371546392
18566.4729072165
18665.7541443299
18720.2014020619
18723.4128247423
18505.6237938144
18483.185814433
18611.3068865979
18624.1105979381
18579.2766185567
18569.6633402062
18784.2619381443
18752.2316701031
18720.2014020619
18467.1916701031
18668.9655670103
18761.8449484536
18749.0202474227
18467.1916701031
18486.3972371134
18451.1765360825
18579.2766185567
18566.4729072165
18768.2468041237
