1632.15490443133
1624.8717950853
1614.34548354193
1602.96730059269
1596.22142716312
1592.49068909485
1593.98672361243
1602.64320418217
1610.04389431515
1617.28904272696
1627.39641981733
1643.87532842346
1657.2176823062
1666.59235762727
1665.41472378482
1663.26343564317
1658.02339316438
1654.08689799471
1645.40980779978
1634.183375446
1620.35237012392
1616.85148860301
1617.99789685145
1617.36139252406
1615.21648049821
1619.0705018461
1626.04638159681
1629.34694658431
1627.72185542974
1626.93011256727
1626.44239707176
1621.65675728998
1618.45868145619
1613.08832677521
1612.84306944329
1619.49376295705
1628.59617325027
1628.08724249991
1635.00337726276
1646.98280379061
1662.90108961695
1667.67623077871
1664.89619993817
1656.05743846
1652.88511510348
1643.946823661
1634.9079583673
1620.93442664363
1607.79218845732
1601.92555273518
1606.47962625643
1611.85392465863
1619.68718056491
1632.10579934737
1649.35491655855
1665.34845317964
1672.69149161822
1677.2744788807
1675.23124605194
1667.61503438856
1659.97852675614
1658.95914672599
1654.97173096954
1652.55789255196
1651.81427984537
1660.13637330057
1667.97799975699
1678.62632054986
1683.72036410789
1690.04472368831
1688.56267209185
1687.2266311733
1685.00257007596
1677.63929366205
1666.14149987352
1658.17396467804
1649.64621976258
1645.25271420833
1652.73904932782
1667.25213619681
1680.16328452252
1689.73757555152
1700.80925735405
1709.93610621909
1717.45104464139
1720.11279740902
1719.04383384056
1706.58568745197
1694.84685021979
1680.55572453512
1671.88157427259
1664.10317413491
1664.5808150353
1666.10838219429
1676.02971529441
1683.55607204332
1692.89390969642
1696.09206810257
1692.04226684965
1680.75231224336
1675.72950590899
1670.97670789694
1665.28598874934
1660.06792932952
1658.15439126664
1659.03817953776
1660.64439966578
1663.54904266627
1663.33996078983
1663.50160123218
1662.65964647952
1666.4868006728
1664.45299938462
1657.45358618978
1644.02294671293
1633.28278426909
1614.05128438962
1598.2502294078
1583.69047247312
1580.07092566049
1575.98619855209
1577.47984166425
1579.54960715037
1583.506936049
1587.65413518653
1598.90903349479
1606.84567232136
1610.0159773827
1613.46209362798
1616.41408403008
1615.97089496141
1610.45031012031
1605.39550697204
1601.32455434895
1607.81021621119
1616.41884941557
1627.94310130872
1633.70863871152
1645.86496090032
1656.9868066486
1666.8107883977
1664.96530664151
1667.16735586865
1671.59920848685
1680.92069542674
1685.24849343217
1691.12395974339
1692.24279860088
1693.20902128875
1697.95932017509
1706.18378641926
1717.27813628976
1724.62607419491
1729.2129693626
1730.88304124051
1729.40599717744
1720.31931107718
1710.42193990143
1695.60133042406
1680.85536928005
1663.11440382183
1650.61569311828
1636.24972838681
1629.96316855619
1624.87677041646
1625.67107111616
1626.97925515037
1634.27577911375
1640.0837881639
1645.26998403408
1639.04591345993
1633.68173633494
1627.35087356244
1618.7393615381
1608.36228901428
1603.15526624667
1604.27587315758
1612.47246209709
1621.92781207337
1633.28371751496
1643.77404283119
1652.27029676269
1660.51669992828
1662.96508279923
1662.89520547004
1660.98673236497
1658.04987342194
1644.22251437741
1632.04804384346
1621.77294078232
1615.92310828773
1609.88120976313
1610.6143038254
1616.70298298245
1633.40623133207
1648.66492467369
1666.36511532674
1678.92425152231
1687.85868213772
1694.05628943411
1703.54820149064
1712.66792396011
1722.40041600559
1737.00112672647
1754.45016758405
1773.83017060889
1797.54816383059
1824.49180309383
1847.46574762886
1870.83547029282
1890.35244779243
1911.99524443999
1924.08521728781
1931.35717592485
1936.45784616221
1947.25530946695
1953.24042714346
1962.55712288161
1973.04218673464
1997.15507077892
2022.3008110287
2047.26889447166
2069.38270939959
2094.7423500289
2117.77009025788
2139.16301240245
2153.69102167591
2164.52330479896
2177.74278620947
2188.96667552764
2195.2314284091
2196.70997053179
2207.91165100411
2222.53058412785
2242.15751320862
2261.68076246998
2287.94868642609
2309.62057634046
2330.7110179142
2347.51641233136
2362.18002890804
2369.25026740533
2379.36597952685
2386.14649755599
2394.39143117616
2401.14904329626
2417.96667928843
2436.84315648816
2455.88733022865
2470.4354108971
2489.48342992047
2510.43635708136
2530.9252759245
2550.00585776361
2569.85699069992
2586.80760487259
2597.41616583695
2608.90272555207
2615.07492026438
2618.99686643684
2622.28570585232
2630.03997783183
2639.31409791512
2651.18951767563
2659.59325982306
2675.32660702978
2692.71417439963
2713.34572951806
2724.41475076294
2728.70105640543
2726.53260687614
2730.02569370001
2736.90978588267
2742.18174218223
2745.56724603385
2762.00315914328
2786.82868747243
2814.07799708466
2840.08599968954
2863.66857642045
2878.89833280356
2887.33860619036
2894.77898546042
2895.33326053961
2889.95976971785
2879.36211050781
2863.25478078496
2833.6184491436
2801.11677748432
2762.483742278
2729.25646846343
2691.57413258899
2660.56159273469
2627.86973953178
2603.11412202114
2575.99405886828
2552.26378258738
2522.80410522639
2485.20394085394
2441.47150768299
2401.2384843836
2363.57067760583
2329.30011604341
2300.89633153652
2279.43573725959
2265.36259856842
2251.94156983597
2239.33263780498
2220.61377289764
2201.18667808414
2180.13853073609
2158.6240393319
2130.15555178281
2101.5812469387
2070.83266309536
2048.89781353327
2025.36249044373
2007.26453054418
1989.75827847711
1973.70926545813
1952.10457984035
1940.08723208033
1934.5091044037
1932.71201967845
1923.48467592078
1912.77769182309
1897.83783310702
1884.93242598595
1872.31350670932
1855.51429086299
1832.55394123818
1809.6885952461
1798.96787391472
1792.0632914853
1789.5955157186
1788.57371668465
1791.39807598629
1783.53266039856
1773.05487964543
1755.13501864649
1734.93111498364
1711.06962511038
1692.08528529136
1672.62231885204
1651.87047736529
1625.60307901591
1606.87596872882
1591.57958902587
1578.43575500992
1563.9040383712
1554.9973091239
1550.61943967059
1552.33378971372
1553.47023880992
1549.88834330992
1544.0547103439
1535.91839279105
1526.21353092719
1507.48561127752
1484.03922045039
1460.4214284152
1448.13712273305
1433.07915180659
1418.82472599603
1403.68484724963
1397.33691051322
1385.86994764955
1377.11478382871
1364.25449309617
1356.43132364118
1347.38338986785
1345.83947773809
1348.3010234995
1356.26139895859
1369.77227530369
1396.97209758826
1426.71322404815
1461.07233327786
1500.25754066617
1541.33409308796
1578.83105488251
1613.2935832198
1649.20706213589
1676.28543914313
1694.98859423837
1706.70448083482
1720.51195617804
1725.48357193184
1733.22520954834
1742.24419619013
1756.43803893804
1767.46451866093
1787.43554725671
1809.32182434635
1834.65021165951
1858.63863846602
1883.2332213372
1897.51129922778
1907.68297451817
1920.82349128366
1937.94523748741
1955.0013690115
1968.87215515171
1986.30914650908
2009.84656410492
2031.78446518101
2046.35700828213
2067.48267426885
2088.11361759441
2110.52241195374
2122.71897205412
2129.97102434187
2132.34001705777
2140.28569664184
2146.39852581299
2150.66433306535
2149.72474441864
2162.56712657774
2180.23786877413
2204.46652547862
2224.59146620433
2252.06404657473
2281.89468941725
2310.60622877966
2332.3599374071
2352.70737148312
2369.52290848889
2381.91838334797
2394.44389370768
2408.03226384054
2418.90131797467
2432.6500613018
2457.42137436744
2480.76671303753
2501.96928490472
2524.3751571035
2553.42508509736
2578.69604026552
2607.30390176392
2627.40186093171
2635.98820544059
2630.72913847342
2626.69233060991
2624.07339844201
2629.17967298123
2632.15582861985
2641.90418012746
2652.46712327917
2661.40772409926
2673.46150285342
2694.63043596425
2719.86051274051
2745.63705291911
2768.47431366576
2787.51490186987
2803.89691827282
2816.58464623984
2829.15331716671
2830.47797201039
2832.79221774233
2835.4154137231
2841.68873269475
2839.14929498643
2835.34154774798
2822.59156242511
2805.55138885098
2775.2488319071
2742.26783629207
2713.41837958053
2695.46252374079
2672.48339880504
2652.9331503129
2635.45585465934
2623.46876380274
2618.78076494454
2626.8832095385
2642.63311705757
2662.46169796283
2681.70703970229
2699.01301048267
2707.24076566113
2708.17285834155
2710.15922371531
2708.4021473277
2704.48364827897
2695.35431595617
2688.65048717882
2675.87461420852
2668.25101155169
2661.61658407487
2657.24932588751
2648.54858435512
2643.48623989507
2642.94093485718
2648.61227123256
2649.9701409067
2646.19297987103
2636.4444137644
2626.68459786689
2621.6504281799
2622.58898845916
2621.54596926949
2621.5460460004
2622.94987850401
2621.31719170723
2614.25406326926
2605.48412320396
2605.6585223629
2614.59078109754
2622.12334245628
2618.81588297382
2616.34748798869
2613.20445487464
2614.72841523536
2610.22257035782
2601.43941799725
2588.56615422138
2586.94003492213
2588.41518469707
2594.84704391007
2592.42673848769
2591.23817056493
2588.26457714463
2580.73638744281
2563.13715691923
2548.9660251096
2538.13333979282
2533.83132485801
2532.73966515291
2535.98797062401
2542.00483158066
2548.44835780267
2557.43692556457
2568.38092354507
2579.96638244693
2595.17663890705
2611.47702161743
2618.92001010968
2624.30529199699
2622.58386513635
2622.12966797917
2608.47243046916
2594.01134158792
2575.56155717768
2561.97686886612
2545.97909041185
2536.58451364237
2527.57969850647
2525.603020311
2521.640852885
2521.16169310863
2520.32593653031
2520.34072963081
2518.99839841133
2518.87900345816
2514.89791869478
2509.99578359613
2509.51967231404
2509.07478335872
2510.04044813862
2512.7302814488
2521.57355943205
2528.04461269449
2535.40360559302
2537.67152164749
2544.50906341518
2545.16056635815
2550.03768433391
2551.5039166406
2557.71112728057
2554.39480574937
2547.98003156438
2541.64044480927
2540.16062115663
2541.40824235049
2550.74692956327
2559.54987352329
2566.53829214416
2576.41920453988
2589.25522563234
2596.01813587321
2595.78016248275
2599.23295354983
2603.15389949776
2607.79093445335
2612.36423508209
2621.7859708559
2630.15394585531
2643.39502377427
2654.49194479854
2668.91558275858
2675.56737733614
2685.65594018082
2691.23509518532
2696.79244932963
2689.8812212114
2680.39485625507
2665.21914843139
2647.01190673725
2619.61747043669
2593.20857739468
2572.86018663273
2563.67650800983
2560.13594076762
2557.46949847909
2554.60184358865
2553.86482152263
2558.51217280045
2559.63384587497
2557.96087601913
2557.32061761963
2564.51020532857
2571.75376372743
2577.2482816678
2579.8017758599
2586.18960573859
2589.50273006606
2596.29143624855
2601.50368206439
2610.90836186893
2612.62405668313
2615.05653687512
2615.1219784152
2611.2396310106
2606.12541853506
2607.03832645851
2607.23631007525
2604.912227515
2598.67601204679
2598.66828081364
2601.64415784481
2607.32064491861
2622.59482416659
2638.11156595695
2649.70877513323
2658.71824746405
2669.03326178586
2670.32246331093
2671.43418955966
2668.60648773585
2662.71250333551
2645.72785432648
2631.57242418558
2619.95992620237
2619.0166834565
2619.32270515879
2625.3177790668
2621.57318005482
2611.05649717623
2597.52591215055
2591.01601589496
2585.6678896881
2580.36160239562
2571.98271811731
2564.40656377561
2556.29371392581
2547.73884639132
2545.59347479682
2543.59922712903
2547.37726732766
2551.61087316685
2561.86144743546
2573.94278122446
2590.39465121952
2603.38898622191
2612.62414190395
2610.90352403461
2607.69531952279
2597.10647171909
2589.19814013779
2577.36664498627
2573.42063934218
2573.19002283705
2570.55264307345
2560.71103507116
2556.03166878678
2557.60005156684
2563.7194563789
2573.81589396829
2580.55271344759
2570.94482262173
2552.64811699424
2544.39378623863
2545.35976499646
2546.57728066957
2544.37450289482
2544.65878286922
2541.45020032154
2542.85811441448
2542.69904331899
2545.13092015852
2543.28827214907
2544.54046799023
2540.16949362592
2535.43464091913
2529.58360813036
2529.50601211723
2524.67758450724
2514.73547443427
