100855.254020619
100599.179793814
100567.06556701
101431.840824742
101399.726597938
100855.254020619
100791.235463918
101656.010721649
100951.386804124
101463.955051546
100310.781443299
101047.519587629
100599.179793814
101303.80371134
100246.762886598
100503.047010309
100310.781443299
101303.80371134
100983.501030928
101367.822268041
100823.349690722
101111.53814433
100631.084123711
100439.028453608
100470.932783505
100695.102680412
100054.707216495
99798.4230927835
100503.047010309
100983.501030928
100631.084123711
100214.858556701
100599.179793814
100439.028453608
101303.80371134
100534.951340206
100887.368247423
100278.877113402
100919.482474227
100022.592989691
100439.028453608
99766.3088659794
100182.744329897
99478.1204123711
100246.762886598
100727.216907216
101559.877938144
100855.254020619
100919.482474227
100823.349690722
101880.180618557
102392.748865979
103705.863917526
106299.979793814
108798.172783505
110623.856082474
112385.310927835
115940.334845361
117637.771134021
120680.436701031
122281.950103093
125420.538556701
127534.410309278
129904.566185567
130288.88742268
132562.700618557
134292.251134021
136982.499793814
137367.030927835
139352.655670103
141402.508865979
144316.92742268
145021.551340206
146590.950515464
148768.840824742
151427.185154639
151779.392164948
152484.016082474
155334.416082474
156519.494020619
156615.626804124
157031.852371134
159273.971134021
159466.026804124
160458.839175258
159850.348041237
162380.655257732
163437.486185567
164942.866804124
163949.844536082
165327.188041237
165679.395051546
166576.284536082
165006.885360825
165134.922474227
165455.225154639
166800.45443299
165711.509278351
165839.546391753
166704.321649485
167793.266804124
167569.096907217
167665.229690722
169266.533195876
168978.344742268
167857.285360825
166448.037525773
167953.41814433
167665.229690722
168145.473814433
166480.151752577
167088.642886598
167184.775670103
168465.776494845
167441.059793814
168497.89072165
168497.89072165
169330.551752577
168497.89072165
169394.570309278
169330.551752577
169106.38185567
167729.248247423
168017.436701031
168850.097731959
169586.835876289
168273.720824742
167825.381030928
169682.968659794
170643.666804124
170387.59257732
169682.968659794
171124.120824742
170675.781030928
171060.102268041
169618.950103093
170579.648247423
170323.364123711
170739.799587629
169394.570309278
170035.175670103
170387.59257732
171316.386391753
170227.441237113
171092.216494845
171540.55628866
172533.368659794
171348.290721649
171060.102268041
171732.611958763
172373.217319588
171188.139381443
170803.81814433
171860.858969072
172341.312989691
171796.840412371
170867.836701031
172661.405773196
172597.387216495
173430.048247423
172629.501443299
173846.48371134
173654.428041237
173814.579381443
172405.331546392
173109.955463918
172725.634226804
173270.106804124
171796.840412371
172757.538556701
173366.029690722
174647.240412371
174038.749278351
173974.520824742
174743.373195876
175672.167010309
174615.126185567
173846.48371134
174967.543092784
174871.410309278
174518.993402062
173846.48371134
175031.561649485
174166.786391753
174551.107628866
173910.502268041
175607.938556701
175960.355463918
176408.695257732
174807.391752577
175640.052783505
175864.222680412
176152.411134021
174615.126185567
174551.107628866
175255.731546392
175896.336907217
174967.543092784
174903.524536082
175704.071340206
175095.580206186
170515.629690722
165967.793402062
162957.032164948
158953.668453608
154245.470927835
149185.066391753
146654.969072165
142907.679587629
139704.862680412
134612.553814433
132114.360824742
129231.846597938
127022.051958763
123114.611134021
120872.702268041
118406.623505155
117189.431340206
113794.558762887
111680.687010309
109022.342680412
107613.094845361
104762.694845361
102488.671752577
100951.386804124
99702.2903092784
97460.381443299
95378.6239175258
95122.3397938144
94161.4317525773
92207.9212371134
89997.9167010309
89645.7096907216
87820.0263917526
87243.4395876289
84969.6263917526
84104.8511340206
82727.7175257732
82023.0936082474
80069.3731958763
79492.7863917526
78243.6898969072
77987.6156701031
76225.950927835
75841.6296907216
75008.9686597938
74880.9315463917
73151.3810309278
72158.5686597938
71325.6977319588
71261.6791752577
69596.3571134021
68507.4119587629
68219.0136082474
67546.5039175258
66873.9942268041
65432.6321649485
65528.7649484536
64599.9711340206
64375.8012371134
62966.5534020619
62838.5162886598
62197.9109278351
61973.7410309278
60084.0391752577
59763.7364948454
59315.3967010309
59763.7364948454
58258.3558762887
57713.8832989691
57169.4107216495
57649.864742268
56593.033814433
56112.5797938144
55568.1072164948
55504.0886597938
54895.5975257732
54158.8593814433
54351.1249484536
54062.7265979381
52941.8771134021
51916.9505154639
52493.5373195876
51468.6107216495
51884.8362886598
50892.0239175258
50924.1381443299
50411.5698969072
50795.8911340206
49771.1744329897
49547.0045360825
48842.3806185567
49066.5505154639
48361.9265979381
48009.5096907216
47593.2841237113
47849.3583505155
47048.8115463917
46760.4131958763
46568.3575257732
47272.981443299
46440.3204123711
45927.7521649484
46151.9220618557
46215.9406185567
45767.6008247423
44934.9397938144
45159.1096907216
44262.4301030928
44742.6742268041
44038.0503092783
44102.2787628866
43653.7290721649
43845.9946391753
43237.5035051546
43493.5777319588
43301.5220618557
43493.5777319588
42500.7653608247
42436.7468041237
42148.5583505155
42853.1822680412
42148.5583505155
41540.0672164948
41283.7830927835
41956.2927835052
41443.9344329897
41251.6688659794
41540.0672164948
41540.0672164948
40963.4804123711
40643.1777319588
41155.7459793814
40258.8564948454
40611.2734020619
39842.4210309278
40098.7051546392
39682.2696907216
40162.7237113402
39458.0997938144
39554.2325773196
39105.8927835052
39874.535257732
39330.0626804124
39073.778556701
38753.4758762887
39426.1954639175
38753.4758762887
38753.4758762887
38273.2317525773
39458.0997938144
40258.8564948454
41475.8387628866
43429.5591752577
45191.2239175258
46536.2432989691
47721.3212371134
49771.1744329897
50699.9682474227
52941.8771134021
54126.9550515464
55920.5241237113
56657.052371134
58674.7913402062
59603.5851546392
61653.4383505155
62518.2136082474
64567.8569072165
65208.4622680412
67162.1826804124
68667.5632989691
70813.3393814433
71806.1517525773
73087.3624742268
74848.8173195876
77154.744742268
78083.538556701
78628.0111340206
80581.7315463917
82087.1121649485
82951.8874226804
83816.6626804124
86539.0255670103
87563.7422680412
89549.5769072165
90478.3707216495
92976.5637113402
94353.6973195876
96115.1521649485
96211.2849484536
98132.8911340206
99670.3859793814
101848.27628866
101848.27628866
103321.542680412
104762.694845361
106716.415257732
107357.020618557
109022.342680412
110879.930309278
113057.820618557
113954.710103093
115459.880824742
118054.206597938
119303.303092784
119591.491546392
119751.642886598
122025.665979381
122858.327010309
124203.55628866
124331.593402062
126221.295257732
127566.524536082
130000.489072165
130032.603298969
131922.305154639
132883.003298969
134580.439587629
134356.269690722
135861.650309278
136662.407010309
138423.86185567
137815.370721649
138615.917525773
140409.486597938
141850.848659794
141690.697319588
142042.904329897
144444.964536082
145918.440824742
146110.496494845
145630.042474227
147519.744329897
147583.762886598
148608.689484536
148096.121237113
150274.011546392
150306.125773196
151170.901030928
150370.144329897
152355.978969072
153092.507216495
154149.548041237
153476.828453608
154854.171958763
155814.870103093
157127.985154639
156231.30556701
156519.494020619
157416.383505155
158601.251546392
157928.74185567
157544.420618557
159434.122474227
160362.91628866
160843.160412371
160458.839175258
162348.541030928
162444.673814433
162764.976494845
162060.35257732
163245.430515464
163117.183505155
163981.958762887
162668.84371134
163949.844536082
164302.261443299
165231.055257732
164430.298556701
165519.24371134
166736.435876289
168113.569484536
167280.908453608
166960.605773196
167536.982680412
168017.436701031
167280.908453608
166992.510103093
168305.625154639
168465.776494845
167793.266804124
167280.908453608
169202.514639175
169042.363298969
169714.872989691
169266.533195876
171156.235051546
171348.290721649
171700.707628866
170323.364123711
170739.799587629
170963.969484536
171828.744742268
170067.289896907
170451.611134021
170707.895257732
171700.707628866
171188.139381443
171860.858969072
172661.405773196
173526.181030928
171828.744742268
167889.399587629
164654.468453608
160394.820618557
155334.416082474
150178.088659794
147583.762886598
143612.303505155
140345.468041237
135733.613195876
133139.28742268
130608.980206186
128783.506804124
124651.896082474
122345.968659794
119495.358762887
117605.866804124
114082.747216495
112161.141030928
109823.099381443
108125.663092784
104986.864742268
102937.221443299
101720.029278351
100951.386804124
98293.0424742268
96147.2663917526
95698.9265979381
94577.8672164949
92560.1282474227
90190.1822680412
89261.3884536082
87467.8193814433
86891.2325773196
84553.1909278351
83944.6997938144
82311.2820618557
81958.8651546392
79941.126185567
79492.7863917526
78692.2395876289
78115.6527835052
76065.7995876289
75425.4041237113
74464.4960824742
74144.1934020619
72542.8898969072
71037.5092783505
70140.8296907216
70012.5826804124
68667.5632989691
67738.5595876289
67770.673814433
67226.2012371134
66425.4445360825
65336.4993814433
65304.5950515464
64055.498556701
63414.8931958763
62005.6453608247
61973.7410309278
60948.8144329897
60884.7958762887
59411.5294845361
58867.0569072165
58258.3558762887
58738.8098969072
57874.0346391753
57233.6391752577
56560.9195876289
57041.3736082474
56016.4470103093
55311.8230927835
54895.5975257732
54927.5018556701
53774.5381443299
53166.0470103093
53422.3311340206
53358.1026804124
52621.5744329897
51468.6107216495
51820.8177319588
51372.4779381443
51500.5150515464
50475.7983505155
50539.8169072165
49899.2115463918
50219.5142268041
49482.7760824742
49322.624742268
48553.9822680412
48618.0008247423
47497.1513402062
47529.0556701031
47401.018556701
47721.3212371134
46792.5274226804
46536.2432989691
46087.9035051546
47016.6973195876
46023.8849484536
45415.393814433
45607.4494845361
45447.2981443299
45095.0911340206
44262.4301030928
44582.5228865979
43653.7290721649
43942.1274226804
43269.4078350515
43717.9575257732
43269.4078350515
43717.9575257732
42532.8795876289
42629.012371134
42148.5583505155
42949.1051546392
41924.3884536082
41668.1043298969
41155.7459793814
41860.16
41379.9158762887
41187.6503092783
40963.4804123711
41315.6874226804
40899.4618556701
40643.1777319588
41155.7459793814
40899.4618556701
40483.0263917526
39842.4210309278
40547.0449484536
39714.3839175258
40226.7422680412
39362.1769072165
39554.2325773196
39073.778556701
39842.4210309278
39073.778556701
39394.0812371134
38849.6086597938
39426.1954639175
38849.6086597938
38817.7043298969
38465.2874226804
38945.741443299
38209.0032989691
37984.8334020618
