1937.6842886598
1825.57835051545
1767.94065979381
1809.56321649485
1748.71410309279
1655.83472164949
1649.43286597938
1639.81958762887
1627.01587628867
1873.62375257732
1873.62375257732
1835.19162886598
1870.43331958764
1886.42746391753
1790.35764948453
1761.5388041237
1665.44799999999
1601.38746391753
1707.09154639176
1745.5236701031
1732.69896907217
1841.59348453609
1864.01047422682
1732.69896907217
1799.97092783505
1796.75950515464
1857.6086185567
1835.19162886598
1876.83517525773
1691.07641237113
1780.74437113402
1851.20676288659
1831.98020618556
1598.19703092784
1675.06127835052
1643.03101030928
1777.55393814434
1783.95579381443
1892.85030927835
1924.88057731959
2043.3673814433
1944.08614432989
1915.26729896908
1876.83517525773
1880.02560824742
1777.55393814434
1819.17649484536
1739.10082474227
1681.46313402063
1761.5388041237
1835.19162886598
1835.19162886598
1851.20676288659
1892.85030927835
1828.78977319587
1902.44259793815
1831.98020618556
1790.35764948453
1713.49340206185
1806.37278350515
1700.66870103093
1732.69896907217
1681.46313402063
1739.10082474227
1691.07641237113
1739.10082474227
1694.26684536082
1835.19162886598
1819.17649484536
1880.02560824742
1777.55393814434
1787.14622680412
1643.03101030928
1575.7590515464
1675.06127835052
1735.91039175258
1742.31224742268
1767.94065979381
1819.17649484536
1780.74437113402
1864.01047422682
1819.17649484536
1803.16136082474
1751.9255257732
1783.95579381443
1703.88012371135
1678.25171134021
1767.94065979381
1934.47286597938
1956.8898556701
1899.25216494846
1809.56321649485
1873.62375257732
1860.82004123712
1886.42746391753
1828.78977319587
1937.6842886598
1912.05587628866
1896.04074226804
1812.77463917526
1758.32738144331
1771.13109278351
1764.72923711341
1748.71410309279
1627.01587628867
1748.71410309279
1838.4030515464
1915.26729896908
1787.14622680412
1812.77463917526
1806.37278350515
1908.86544329897
1918.45773195876
1902.44259793815
1755.11595876288
1707.09154639176
1646.22144329897
1697.47826804123
1662.23657731959
1659.0461443299
1684.6535670103
1780.74437113402
1803.16136082474
1799.97092783505
1815.98606185567
1847.99534020618
1867.22189690723
1828.78977319587
1819.17649484536
1780.74437113402
1755.11595876288
1771.13109278351
1742.31224742268
1703.88012371135
1764.72923711341
1783.95579381443
1819.17649484536
1838.4030515464
1908.86544329897
1873.62375257732
1883.23703092783
1764.72923711341
1774.34251546391
1793.54808247423
1806.37278350515
1755.11595876288
1815.98606185567
1758.32738144331
1761.5388041237
1755.11595876288
1796.75950515464
1783.95579381443
1735.91039175258
1707.09154639176
1748.71410309279
1908.86544329897
1960.10127835051
1886.42746391753
1748.71410309279
1806.37278350515
1790.35764948453
1783.95579381443
1719.89525773196
1838.4030515464
1835.19162886598
1835.19162886598
1739.10082474227
1809.56321649485
1812.77463917526
1825.57835051545
1671.84985567009
1732.69896907217
1745.5236701031
1812.77463917526
1838.4030515464
1806.37278350515
1806.37278350515
1867.22189690723
1963.31270103094
1889.63888659795
1860.82004123712
1876.83517525773
1995.32197938145
1902.44259793815
1912.05587628866
1854.418185567
1841.59348453609
1787.14622680412
1831.98020618556
1748.71410309279
1665.44799999999
1646.22144329897
1790.35764948453
1777.55393814434
1777.55393814434
1723.10668041237
1774.34251546391
1796.75950515464
1815.98606185567
1783.95579381443
1739.10082474227
1719.89525773196
1723.10668041237
1796.75950515464
1777.55393814434
1854.418185567
1860.82004123712
1896.04074226804
1889.63888659795
2017.75995876289
2075.39764948454
2104.21649484537
2033.7750927835
2088.22235051547
2094.62420618557
2110.63934020619
2085.01092783506
2104.21649484537
2033.7750927835
2091.41278350515
2129.84490721651
2325.21694845361
2373.26235051546
2363.64907216495
2437.32288659795
2491.7701443299
2437.32288659795
2376.45278350514
2363.64907216495
2414.8849072165
2450.12659793814
2408.4830515464
2382.87562886598
2312.4132371134
2440.51331958763
2482.15686597938
2526.99084536082
2418.09632989691
2494.96057731958
2546.21740206185
2623.08164948453
2539.79455670103
2603.8550927835
2472.54358762887
2507.78527835052
2402.08119587628
2453.33802061855
2427.70960824742
2514.18713402063
2555.80969072165
2626.27208247423
2648.68907216495
2693.54404123712
2770.4082886598
2680.71934020618
2642.28721649485
2575.03624742269
2655.11191752578
2629.48350515464
2667.91562886599
2578.22668041238
2635.88536082473
2712.74960824742
2840.87068041236
2783.212
2805.62898969073
2808.84041237114
2997.78960824742
3020.22758762886
2988.19731958763
2850.46296907216
2911.33307216495
2924.13678350515
2882.49323711341
2828.04597938145
2837.65925773195
2914.52350515465
3042.64457731959
3173.95608247422
3177.14651546392
3180.35793814433
3106.68412371134
3122.69925773196
3065.0615670103
3129.12210309278
3116.29740206186
3148.3276701031
3119.50882474227
3132.31253608248
3113.10696907216
3119.50882474227
3106.68412371134
3209.17678350514
3218.79006185567
3295.65430927835
3321.28272164949
3404.54882474228
3350.10156701031
3327.68457731958
3257.22218556701
3196.37307216495
3189.97121649484
3209.17678350514
3327.68457731958
3353.31298969072
3442.98094845359
3433.36767010309
3442.98094845359
3382.13183505155
3523.0566185567
3548.68503092784
3555.08688659794
3417.3735257732
3471.79979381443
3513.44334020618
3619.14742268041
3619.14742268041
3612.72457731959
3551.87546391753
3580.69430927835
3545.47360824741
3676.78511340206
3708.8153814433
3750.45892783506
3808.09661855669
3808.09661855669
3776.06635051547
3756.86078350515
3772.87591752577
3779.27777319586
3708.8153814433
3660.76997938144
3734.44379381444
3827.32317525773
3961.82511340205
3965.03653608247
3955.42325773196
3852.93059793815
3968.24795876289
3981.0516701031
3939.40812371134
3833.72503092783
3933.00626804124
3997.06680412371
4077.14247422681
4032.28750515464
4093.15760824742
4115.57459793813
4115.57459793813
4057.91591752578
4077.14247422681
4045.11220618557
4089.94618556701
4105.96131958763
4035.49892783505
3926.60441237113
3804.906185567
3747.24750515465
3699.20210309279
3721.61909278351
3606.32272164949
3609.5341443299
3615.936
3699.20210309279
3673.59468041237
3667.17183505154
3567.89059793814
3583.90573195876
3478.22263917526
3430.1772371134
3311.66944329896
3263.62404123711
3225.19191752578
3157.9409484536
3103.49369072165
3081.07670103094
3039.43315463918
3023.41802061856
3029.81987628866
2946.55377319588
2975.37261855669
2952.95562886598
2994.59917525772
2920.92536082474
2936.94049484537
2911.33307216495
2840.87068041236
2741.56845360824
2805.62898969073
2764.00643298968
2815.24226804124
2799.22713402062
2840.87068041236
2754.39315463917
2728.76474226805
2722.36288659794
2840.87068041236
2706.34775257732
2575.03624742269
2549.40783505155
2616.67979381443
2648.68907216495
2543.00597938144
2440.51331958763
2434.11146391754
2526.99084536082
2530.20226804123
2472.54358762887
2398.8907628866
2507.78527835052
2610.25694845361
2578.22668041238
2514.18713402063
2501.36243298968
2379.66420618557
2286.78482474227
2225.93571134022
2254.75455670102
2315.6036701031
2331.61880412372
2229.1261443299
2325.21694845361
2376.45278350514
2443.72474226804
2360.45863917525
2232.33756701031
2187.50358762886
2152.26189690722
2145.86004123712
2024.16181443298
1950.488
1950.488
2078.60907216495
1995.32197938145
2004.93525773197
1956.8898556701
2056.19208247423
2065.78437113401
2136.2467628866
2011.33711340207
1934.47286597938
1864.01047422682
2024.16181443298
2020.95039175257
1969.71455670103
1867.22189690723
1934.47286597938
1931.28243298968
1956.8898556701
1924.88057731959
1950.488
1950.488
2014.54853608248
2027.35224742268
1908.86544329897
1864.01047422682
1783.95579381443
1742.31224742268
1665.44799999999
1716.68383505155
1691.07641237113
1742.31224742268
1729.50853608249
1867.22189690723
1783.95579381443
1809.56321649485
1831.98020618556
1940.87472164948
1847.99534020618
1799.97092783505
1671.84985567009
1668.6594226804
1639.81958762887
1630.20630927835
1594.98560824741
1627.01587628867
1649.43286597938
1659.0461443299
1675.06127835052
1700.66870103093
1732.69896907217
1716.68383505155
1646.22144329897
1425.24197938143
1473.2873814433
1422.03055670104
1463.67410309278
1367.58329896908
1386.8098556701
1441.25711340207
1562.95534020619
1543.74977319587
1585.37232989691
1489.30251546392
1498.89480412372
1463.67410309278
1498.89480412372
1434.85525773195
1418.84012371134
1367.58329896908
