42026.7971546392
42648.1339793815
42901.1437113402
42987.6212371134
42545.6413195876
42843.4850309278
42904.3551340206
42929.962556701
42375.8976907217
42577.6715876289
42667.3395463918
42609.7018556701
42238.1633402062
42234.9729072165
42664.1491134021
42897.9322886598
42628.9074226804
42616.1037113402
43112.5308865979
43086.9024742268
42792.2491958763
42487.9826391753
42917.1588453608
42846.6964536083
42744.2037938144
42065.2292783505
42417.5202474227
42478.3693608248
42628.9074226804
42327.8522886598
42741.0133608247
42913.9474226804
43054.8722061856
42616.1037113402
42805.0529072165
42910.7569896907
42929.962556701
42331.0427216495
42292.6105979382
42696.1583917526
42580.8620206186
42308.6257319588
42218.9577731959
42734.5905154639
42821.0680412371
42811.4757525773
42478.3693608248
42817.8776082474
42872.3248659794
42830.6813195876
42760.2189278351
44018.9077113402
44938.1092371134
45969.3957113402
46533.0948453608
48358.6731958763
50168.2364123711
51548.6234226804
52102.7092783505
53675.2778969072
55558.4939381443
57047.7964536083
57345.6401649485
58040.6508041237
59824.5856082474
60727.772
60884.7119175258
61121.7275051546
62803.1696494845
63386.0743505155
63738.3863092784
63924.145072165
65595.9949278351
66178.899628866
66262.1657319588
65810.5725360825
66797.0250309278
67066.070886598
67174.9654020619
66111.6276701031
66406.3019381443
66845.0704329897
66716.9703505155
65599.1853608247
66015.5578556701
66675.3268041237
66691.3419381443
66076.4069690722
66198.1051958763
67239.0049484536
67168.5425567011
66166.0749278351
65656.8440412371
66396.6886597938
66297.4074226804
65977.1257319588
65131.5980206186
66005.9445773196
66134.0656494845
66021.9597113402
65166.8187216495
66111.6276701031
66364.6583917526
66092.4221030928
65218.054556701
65935.482185567
66483.166185567
66441.5226391753
65349.3870515464
65512.7288247423
65887.4367835052
65810.5725360825
65125.1751752577
65173.2205773196
66396.6886597938
66620.8795463918
66156.4826391753
65829.7990927835
66902.7291134021
66777.8194639175
65983.5275876289
65218.054556701
66255.7638762887
66393.4772371134
66313.4015670103
65525.5325360825
66355.0451134021
66624.0909690722
66816.2515876289
66063.603257732
66797.0250309278
67408.7695670103
67383.1411546392
66444.7340618557
66665.7135257732
67283.8599175258
67299.8750515464
66595.2511340206
66467.1510515464
67190.9805360825
67245.4277938145
66784.2213195876
66624.0909690722
68049.3119587629
68263.910556701
68155.0160412371
67802.7040824742
68747.5130309278
68613.0110927835
68311.9349690722
67373.5278762887
68087.7440824742
68215.8651546392
68139.0009072165
67315.8691958763
68174.2216082474
68875.6341030928
69013.3474639175
68356.7899381443
68753.914886598
69551.418185567
69801.2374845361
69064.5832989691
69035.7644536083
69862.0865979381
69858.8751752577
69038.9758762887
68385.6087835052
69394.4782680412
69503.3727835052
69448.9255257732
69308.0007422681
70746.0464329897
71107.9716701031
71066.3281237114
70223.9908453608
70774.8652783505
70931.8051958763
70944.6298969072
70035.0416494845
70633.9614845361
71027.896
71018.2827216495
70156.7398762887
70640.3633402062
71642.8309690722
71860.62
71261.7001649485
71578.7704329897
72792.6252371134
72923.9367422681
72360.2376082474
71988.7200824742
72683.7307216495
72651.7004536083
72433.9114226804
71873.4237113402
72920.7253195876
73100.0822268041
73244.2184329897
71626.8158350516
69589.8503092784
66925.1461030928
64157.9492371134
60606.0737731959
58508.2591340206
56657.052371134
54642.5038350516
51808.056
49790.3170309278
48345.8484948454
46843.763257732
44675.4862268041
42936.3644123711
42276.5954639175
41107.595628866
39515.821443299
38000.9115051547
37594.1522886598
36658.935628866
35272.1467628866
33859.7084948454
33574.6684948454
32745.1559175258
31790.7336907217
30439.1655257732
30208.5517938144
29795.3907216495
29279.7579793815
28145.9788453608
27825.6971546392
27719.993072165
27245.982886598
26230.7115463918
25804.7467628866
25692.6408247423
25298.7063092784
24318.6556701031
23694.1074226804
23694.1074226804
23556.3940618557
22992.7159175258
22477.062185567
22557.1378556701
22262.4845773196
21919.7858969072
21272.8206597938
21295.2376494845
21051.8202061856
20728.3480824742
20126.237814433
20065.3677113402
19898.8355051547
19565.7501030928
18893.1564536083
18966.8302680412
19008.4528247423
18896.3678762887
18271.819628866
18146.9099793814
18188.5535257732
18060.4324536083
17640.8695257732
17349.4276701031
17407.0653608248
17243.7235876289
16728.0908453608
16350.1504742268
16507.0903917526
16532.7188041237
16215.6485360825
15764.0553402062
15927.3971134021
15780.0704742268
15645.5475463918
15142.7185154639
15238.7883298969
15241.9997525773
15072.2561237113
14511.7684123711
14361.2303505155
14329.2000824742
14370.843628866
13935.2655670103
13884.0297319588
13858.4013195876
13864.8031752577
13483.672371134
13246.6777731959
13313.928742268
13169.8135257732
12955.2149278351
12750.2505979382
12884.7525360825
12577.2955463918
12321.0743917526
12032.8229690722
12202.5665979381
12125.7023505155
11968.7624329897
11507.5769484536
11584.4411958763
11478.7371134021
11417.888
11004.7269278351
11084.8025979381
11097.6063092784
11023.9534845361
10569.1488659794
10364.1845360825
10421.8222268041
10501.8978969072
10280.897443299
10188.0180618557
10133.5708041237
10120.7670927835
9784.47026804124
9512.23397938145
9694.80230927836
9656.37018556702
9502.62070103093
9108.68618556703
9185.55043298969
9102.28432989692
9086.2691958763
8855.67645360825
8817.24432989692
8708.34981443301
8673.10812371134
8420.09839175259
8452.12865979382
8304.80202061856
8272.77175257733
8051.77129896908
8103.02812371134
8131.84696907217
7974.9070515464
7657.83678350516
7510.51014432991
7657.83678350516
7651.43492783506
7472.07802061856
7343.95694845362
7356.78164948455
7254.28898969073
7020.48482474228
6828.32420618557
6917.99216494846
6876.3486185567
6953.23385567011
6780.27880412372
7084.54536082475
7350.35880412372
7795.5501443299
8090.20342268042
8432.90210309278
8705.13839175258
8996.60123711341
9143.92787628865
9416.16416494847
9595.52107216495
9992.64602061856
10188.0180618557
10530.7167422681
10774.134185567
10943.877814433
10991.9232164948
11238.5310927835
11763.7981030928
11927.1398762887
12039.2248247423
12029.6115463918
12340.2799587629
12420.355628866
12494.029443299
12548.4767010309
12884.7525360825
12916.7828041237
13051.3057319588
12900.7676701031
13102.5415670103
13249.8682061856
13406.8081237114
13310.7173195876
13570.1498969072
13698.2709690722
13771.9237938144
13666.2407010309
13723.8783917526
13951.2807010309
14105.0091958763
14008.9393814433
14028.1449484536
14277.9642474227
14319.6077938144
14386.8587628866
14377.2454845361
14796.8084123711
14889.6877938144
15014.597443299
14867.2708041237
15117.0901030928
15168.3259381443
15248.4016082474
15161.9240824742
15581.4870103093
15792.874185567
15876.1402886598
15613.5172783505
15866.548
16154.7994226804
16430.2261443299
16385.3921649485
16443.0298556701
16750.5078350516
16939.4780206186
16904.2363298969
16862.5927835052
17269.352
17413.4882061856
17381.4579381443
17317.3974020618
17608.839257732
17692.1263505155
17890.6888247423
17871.483257732
18383.9255670103
18470.4030927835
18646.5485773196
18547.2673402062
18829.0959175258
19005.2623917526
19136.5738969072
19059.7096494845
19299.9156701031
19530.5084123711
19674.6446185567
19450.432742268
19649.0162061856
20103.7998350516
20433.6948041237
20430.4833814433
20481.7402061856
20949.3485360825
20981.357814433
21042.2279175258
21016.5995051546
21538.6550927835
21666.7551752577
21714.8005773196
21564.2625154639
21938.9914639175
22150.3786391753
22371.3790927835
22294.5148453608
22842.1778556701
23114.4141443299
23409.0674226804
23232.9219381443
23476.3183917526
23828.6303505155
24017.6005360825
23950.3285773196
24078.4496494845
24517.2391340206
24664.5657731959
24539.6561237114
24747.8318762887
25397.9875463918
25612.5861443299
25670.2238350515
25635.0031340206
26281.9473814433
26342.8174845361
26560.6065154639
26432.485443299
27025.0034226804
27290.8378556701
27370.8925360825
27028.1938556701
27460.5814845361
27886.5462680412
28222.8430927835
28008.2444948454
28450.2244123711
28917.832742268
29186.8785979382
29055.5670927835
29244.5162886598
29814.6172783505
30032.4063092784
29971.5571958763
29945.9287835052
30477.5976494845
30672.9487010309
30849.1151752577
30951.6078350516
31608.1653608247
31813.1506804124
31982.8943092784
31774.718556701
31922.0451958763
30813.8734845361
29603.2301030928
28133.1541443299
27386.9076701031
26595.8272164949
25753.4899381443
24638.9373608248
23985.5702680412
23588.4243298969
23085.5952989691
22198.4240412371
21557.8606597938
21292.0472164948
20936.5238350516
20254.3378969072
19559.327257732
19482.4630103093
19027.6793814433
18496.0105154639
17807.4227216495
17743.362185567
17493.5428865979
17179.6840412371
16660.8188865979
16609.5830515464
16471.8696907217
16260.4825154639
15613.5172783505
15498.2209072165
15344.4924123711
15293.2355876289
14899.3010721649
14684.7234639175
14479.7381443299
14223.5169896907
13896.833443299
13794.3407835052
13868.0145979381
13781.537072165
13461.2553814433
13269.0947628866
13358.7627216495
13198.632371134
12878.3506804124
12612.5162474227
12801.4864329897
12692.5919175258
12554.878556701
12045.6266804124
12058.4513814433
12119.3004948454
12128.9137731959
11824.6472164948
11715.7527010309
11606.858185567
11555.6013608248
11244.9329484536
11280.1746391753
11318.6067628866
11376.2444536082
11084.8025979381
10892.6419793815
10924.6722474227
10850.9984329897
10694.0585154639
10530.7167422681
10703.6717938144
10719.6869278351
10505.0883298969
10207.2446185567
10226.450185567
10107.9633814433
10130.380371134
9922.18362886598
10031.0781443299
9851.74222680413
9794.08354639176
9499.43026804124
9579.50593814433
9592.30964948454
9550.66610309279
9259.22424742268
9137.50503092783
9195.16371134021
9159.94301030929
8906.91228865979
8839.66131958764
8958.16911340207
9031.82193814433
8769.19892783505
8538.60618556701
8583.44016494846
8551.40989690722
8551.40989690722
8404.08325773195
8541.79661855671
8404.08325773195
8333.62086597938
8077.3997113402
8003.72589690721
8029.35430927835
8048.58086597938
7795.5501443299
7779.53501030929
7670.64049484537
7712.28404123712
7516.91200000001
7580.97253608247
7600.17810309278
7609.7913814433
7430.4344742268
7244.6757113402
7276.70597938146
7273.49455670103
7174.21331958764
7110.15278350517
7132.56977319588
7071.72065979382
6876.3486185567
6764.26367010309
6847.52977319589
6780.27880412372
6805.88622680413
6588.11818556701
6648.96729896907
6504.83109278351
6453.59525773197
6245.41950515464
6261.43463917528
6383.13286597938
6427.96684536083
6226.19294845361
6123.70028865979
6056.44931958763
6104.49472164949
5931.5396701031
5902.72082474228
5947.55480412372
5998.79063917526
5909.12268041237
5777.81117525774
5825.85657731959
5678.52993814433
5624.08268041238
5556.81072164948
5684.93179381444
5576.03727835052
