3225.19191752578
3180.35793814433
3250.7993402062
3186.75979381443
3100.28226804124
2968.9707628866
2952.95562886597
2901.69880412371
2920.92536082475
2930.53863917525
3052.23686597937
3068.25199999999
3113.08597938145
3039.43315463918
3138.71439175258
3145.11624742269
3231.59377319588
3154.72952577319
3148.32767010308
3109.89554639175
3106.68412371134
3202.77492783505
3125.91068041237
3103.47270103093
3125.91068041237
3202.77492783505
3138.71439175258
3125.91068041237
3157.9199587629
3202.77492783505
3199.56350515464
3221.98049484537
3138.71439175258
3212.36721649484
3199.56350515464
3199.56350515464
3052.23686597937
3007.40288659793
2984.98589690722
3125.91068041237
3164.34280412372
3148.32767010308
3081.0557113402
3202.77492783505
3260.4126185567
3202.77492783505
3036.22173195877
2895.29694845362
2949.74420618555
3071.4634226804
3119.48783505155
3052.23686597937
3081.0557113402
3058.63872164948
3058.63872164948
3004.19146391752
3074.6538556701
3026.60845360825
3109.89554639175
3045.83501030928
3145.11624742269
3125.91068041237
3138.71439175258
3093.88041237113
3068.25199999999
3001.00103092783
3077.86527835051
3161.13138144329
3266.81447422681
3164.34280412372
3125.91068041237
3161.13138144329
3324.47315463918
3366.11670103093
3270.02589690722
3151.51810309279
3033.01030927835
3189.95022680411
3186.75979381443
3193.16164948454
2997.78960824742
3029.81987628866
3084.26713402061
3273.23731958763
3327.6845773196
3308.45802061855
3199.56350515464
3138.71439175258
3061.8501443299
3135.50296907217
3119.48783505155
3183.54837113402
3001.00103092783
3020.20659793814
2981.7744742268
3023.41802061856
3061.8501443299
3004.19146391752
3033.01030927835
3033.01030927835
3221.98049484537
3196.35208247423
3244.39748453608
3122.69925773196
3055.44828865978
3010.59331958763
3097.07084536082
3135.50296907217
3151.51810309279
3081.0557113402
3109.89554639175
3033.01030927835
3097.07084536082
3045.83501030928
3199.56350515464
3183.54837113402
3189.95022680411
3196.35208247423
3308.45802061855
3311.66944329896
3157.9199587629
3010.59331958763
2908.12164948454
3004.19146391752
3119.48783505155
3244.39748453608
3202.77492783505
3215.57863917525
3231.59377319588
3257.22218556702
3093.88041237113
3013.80474226805
2904.91022680412
2984.98589690722
3042.62358762887
3189.95022680411
3157.9199587629
3189.95022680411
3125.91068041237
3125.91068041237
3042.62358762887
3023.41802061856
3013.80474226805
3100.28226804124
3138.71439175258
3081.0557113402
3125.91068041237
3205.96536082475
3154.72952577319
3093.88041237113
3007.40288659793
2975.37261855669
3065.04057731958
3093.88041237113
3164.34280412372
3138.71439175258
3298.84474226805
3266.81447422681
3302.05616494846
3145.11624742269
3151.51810309279
3071.4634226804
3093.88041237113
3052.23686597937
3068.25199999999
3106.68412371134
3129.10111340207
3145.11624742269
3282.82960824743
3177.14651546392
3180.35793814433
3196.35208247423
3228.38235051547
3180.35793814433
3141.90482474226
3180.35793814433
3061.8501443299
3090.66898969072
3026.60845360825
3068.25199999999
3001.00103092783
3065.04057731958
3029.81987628866
3007.40288659793
3001.00103092783
3084.26713402061
3148.32767010308
3125.91068041237
2978.56305154639
3039.43315463918
3039.43315463918
3116.29740206186
2997.78960824742
3010.59331958763
2943.34235051546
2997.78960824742
3068.25199999999
3093.88041237113
3132.31253608248
3093.88041237113
3247.60890721651
3225.19191752578
3292.44288659793
3234.8051958763
3254.01076288661
3337.27686597938
3439.7695257732
3478.20164948453
3529.45847422681
3555.06589690721
3695.99068041237
3695.99068041237
3801.6947628866
3766.45307216495
3878.55901030927
3776.06635051547
3820.90032989692
3897.76457731958
4038.68936082475
4019.48379381443
3881.74944329896
3865.73430927836
3856.14202061856
3945.80997938145
4022.67422680411
4029.07608247423
3939.40812371134
3990.64395876288
4080.33290721651
4061.10635051547
3872.15715463918
3827.30218556701
3776.06635051547
3862.54387628865
3804.88519587628
3920.18156701031
3916.99113402062
4054.70449484537
4048.30263917525
4061.10635051547
3981.05167010309
3942.59855670104
4009.87051546392
4157.19715463919
4150.79529896907
4041.90078350516
3971.43839175258
4038.68936082475
4013.06094845361
4067.50820618556
4016.27237113402
3920.18156701031
4003.46865979381
4041.90078350516
4147.58387628866
4121.95546391752
4262.88024742268
4250.07653608247
4349.35777319588
4272.4935257732
4323.72936082474
4230.84997938144
4166.81043298969
4070.71962886598
4125.16688659793
4150.79529896907
4262.88024742268
4253.26696907217
4342.95591752577
4310.92564948453
4410.20688659794
4483.88070103092
4432.62387628866
4256.47839175258
4179.6141443299
4294.91051546393
4278.89538144329
4346.16734020619
4224.44812371134
4272.4935257732
4237.27282474226
4317.32750515465
4294.91051546393
4320.53892783506
4342.95591752577
4435.83529896908
4467.86556701032
4487.07113402062
4461.4637113402
4538.32795876289
4467.86556701032
4487.07113402062
4407.01645360824
4512.69954639176
4506.29769072165
4515.91096907217
4554.34309278351
4583.16193814433
4624.80548453609
4660.02618556701
4743.2922886598
4663.23760824742
4672.82989690722
4650.41290721649
4663.23760824742
4637.60919587628
4653.62432989692
4717.68486597938
4788.14725773195
4816.96610309278
4893.83035051548
4791.33769072166
4842.59451546392
4929.0720412371
5025.14185567011
4993.11158762887
4964.29274226805
4925.86061855669
4961.08131958763
5002.72486597938
4836.1716701031
4970.69459793814
4948.27760824742
4935.47389690722
4935.47389690722
5111.61938144329
5118.0212371134
5226.91575257732
5162.85521649485
5037.96655670104
4906.63406185567
4986.70973195876
5005.9362886598
5143.64964948453
5143.64964948453
5252.54416494846
5239.74045360825
5335.81026804124
5303.78
5335.81026804124
5306.99142268041
5335.81026804124
5380.64424742268
5492.75018556701
5531.18230927835
5534.39373195877
5492.75018556701
5518.37859793814
5377.45381443299
5415.88593814433
5460.71991752578
5425.49921649483
5316.60470103093
5114.8308041237
5137.24779381443
5050.77026804123
5153.26292783505
4909.84548453608
4816.96610309278
4695.26787628865
4695.26787628865
4525.50325773197
4374.98618556702
4298.12193814434
4374.98618556702
4416.60874226804
4371.77476288661
4256.47839175258
4205.24255670104
4080.33290721651
4115.55360824741
4041.90078350516
3888.15129896907
3779.25678350514
3801.6947628866
3830.51360824742
3676.78511340206
3641.54342268041
3519.84519587629
3510.23191752579
3426.96581443299
3401.33740206185
3356.50342268041
3420.56395876288
3491.02635051547
3567.89059793815
3462.18651546392
3375.70898969071
3260.4126185567
3298.84474226805
3250.7993402062
3212.36721649484
3141.90482474226
3247.60890721651
3180.35793814433
3116.29740206186
3145.11624742269
3109.89554639175
3097.07084536082
2972.16119587628
2895.29694845362
2770.38729896907
2821.64412371133
2863.26668041237
2815.24226804123
2642.28721649485
2584.62853608247
2623.06065979382
2677.50791752579
2674.31748453609
2757.58358762888
2693.52305154639
2799.22713402062
2757.58358762888
2783.212
2600.64367010309
2504.55286597938
2395.65835051547
2418.09632989691
2366.83950515464
2299.58853608246
2370.05092783505
2389.25649484537
2421.28676288661
2430.90004123711
2398.86977319588
2350.82437113402
2309.20181443299
2238.73942268042
2203.49773195876
2129.84490721649
2257.94498969072
2203.49773195876
2229.1261443299
2075.39764948453
2213.11101030928
2149.05047422679
2200.30729896907
2161.87517525774
2261.15641237114
2261.15641237114
2225.91472164949
2206.70915463919
2257.94498969072
2200.30729896907
2107.42791752577
1988.92012371134
1892.82931958763
1857.6086185567
1966.50313402062
2008.12569072166
1947.27657731959
1944.08614432991
1921.64816494846
2011.33711340207
1934.47286597938
1950.488
1787.14622680412
1790.33665979381
1799.94993814435
1912.05587628865
1854.39719587628
1748.71410309279
1668.63843298968
1697.45727835051
1687.86498969073
1668.63843298968
1639.81958762887
1755.11595876289
1735.88940206185
1735.88940206185
1620.59303092782
1550.13063917526
1537.32692783506
1582.1609072165
1617.40259793814
1399.61356701031
1402.804
1406.01542268042
1572.54762886598
1588.56276288661
1636.60816494845
1575.7590515464
1534.11550515465
1518.10037113403
1537.32692783506
1466.86453608247
1422.03055670104
1357.97002061855
1457.25125773196
1438.04569072164
1489.2815257732
1351.56816494845
1447.63797938144
1450.84940206185
1466.86453608247
1482.8796701031
1466.86453608247
1514.90993814434
1482.8796701031
