64862.5521649485
64465.4062268041
64993.8636701031
64872.165443299
64788.8783505155
64436.5873814433
65160.3958762887
65448.6472989691
65531.9343917526
64910.5975670103
65282.1150927835
65310.9339381443
65237.2811134021
64481.4213608247
64718.4159587629
64958.6219793814
64958.6219793814
64475.0195051546
64721.6273814433
65310.9339381443
65349.3660618557
64891.3710103093
64747.2557938144
65317.3357938144
65391.0096082474
65003.4769484536
64452.6025154639
64971.4466804124
64920.1898556701
64654.3764123711
64033.0395876289
64695.9989690722
64993.8636701031
65150.8035876289
64635.1498556701
65320.5472164949
65621.6023505155
65624.8137731959
64916.9994226804
65048.3109278351
65160.3958762887
65115.5618969072
64446.1796701031
64327.6928659794
64667.1801237113
64849.7274639175
64558.2856082474
64593.5063092784
65362.1697731959
65563.9646597938
65660.0344742268
66441.5226391753
68596.9749690722
70172.7340206186
71636.4081237113
72456.3284123711
74877.6151752577
76879.36
78378.2548041237
78919.5159587629
81023.7324536083
83358.5626804124
85302.6488247423
86074.5027216495
88434.9613608247
91077.2485773196
92704.2434639175
92950.8723298969
94206.3496907217
96512.3400824742
97566.0645360825
97636.5269278351
97956.787628866
100307.632989691
101595.140618557
102386.242061856
102543.160989691
104749.87014433
106146.293278351
106863.699917526
106235.961237113
107891.795958763
108599.610309278
108343.389154639
106969.404
107853.363835052
108564.389608247
108535.549773196
107542.69542268
108269.715340206
109656.525195876
109944.776618557
108923.08243299
108695.701113402
109560.434391753
109493.18342268
108336.987298969
107401.770639175
108782.178639175
108846.218185567
108199.273938144
107568.323835052
109118.454474227
109201.74156701
108772.565360825
107715.650474227
108878.248453608
109285.007670103
108964.725979381
107456.217896907
107840.560123711
108221.690927835
108192.851092784
106898.941608247
107369.740371134
108439.479958763
108609.223587629
107702.825773196
107946.243216495
109461.153154639
109489.972
108682.876412371
108112.796412371
109518.811835052
109627.706350515
108823.801195876
107821.33356701
108804.595628866
108769.353938144
108561.178185567
107549.097278351
108996.756247423
110015.239010309
110284.263876289
109365.083340206
110377.143257732
110940.842391753
110684.621237113
109355.470061856
109387.500329897
110002.435298969
109996.012453608
108935.907134021
108884.650309278
110143.339092784
110540.485030928
110050.45971134
109861.510515464
111645.445319588
112151.485773196
111674.264164948
110783.902474227
112004.159134021
111738.324701031
111158.63142268
109970.405030928
110745.470350515
111209.867257732
111277.118226804
110252.233608247
111360.405319588
112334.033113402
112667.139505155
111805.575670103
112478.169319588
113378.14428866
113266.059340206
111972.128865979
111988.144
113374.95385567
113400.561278351
112654.314804124
112212.334886598
113688.812701031
113945.03385567
113403.772701031
112647.912948454
113935.42057732
114428.657319588
114467.089443299
113749.661814433
115139.662103093
115511.200618557
115210.124494845
113570.304907217
114239.687134021
114816.189979381
114624.029360825
113740.069525773
114569.582103093
115866.703010309
116468.813278351
115645.702556701
115392.692824742
116443.20585567
116593.722927835
115440.738226804
114780.969278351
116202.999835052
116510.456824742
114918.682639175
110684.621237113
108007.092329897
104913.211917526
101604.753896907
97537.2247010309
95042.2641237113
92582.5452371134
89783.3181030928
85584.4774020619
82929.3864742268
80722.6773195876
78250.1337319588
74970.494556701
73036.0216907217
71841.393443299
70262.4229690722
67802.6830927835
66134.0446597938
65522.3211134021
64049.0337319588
61883.9681237113
60032.7613608247
59421.037814433
58232.8114226804
56522.529443299
54588.0565773196
54066.0009896907
53098.7540618557
51939.3675051546
50277.130927835
50139.3965773196
49748.6734845361
48967.1853195876
47455.4868041237
47045.5161649485
46763.6875876289
45937.365443299
44374.4101030928
43656.9824742268
43359.1387628866
42862.7115876289
41565.5696907216
40745.6703917526
40636.7758762887
40377.3432989691
39570.2477113402
38756.7502680412
38945.7204536082
38660.6594639175
38032.9207835051
37036.8550103093
37107.3174020619
36658.935628866
35928.7042886598
34839.7591340206
34826.9554226804
34609.1663917526
34317.7035463917
33395.3115876289
33334.4624742268
33286.4170721649
33107.0601649485
32187.8586391753
31979.6828865979
32078.9641237113
31809.939257732
31006.0341030928
30605.6977319588
30797.8583505155
30570.4560412371
29929.9136494845
29343.7975257732
29609.6319587629
29494.3355876289
29017.1139793814
28357.3450309278
28565.5207835051
28447.0129896907
28232.4353814433
27489.4003298969
27572.6664329897
27540.6361649485
27342.0736907216
26576.6006597938
26442.0777319588
26477.3194226804
26333.1832164948
25801.5353402062
25711.8463917526
25827.1637525773
25699.0426804124
25100.1228453608
24792.6658556701
24827.886556701
24622.9222268041
24136.0873402062
23742.1528247423
24030.4042474227
23911.8964536082
23572.4091958763
23149.6348453608
23421.8711340206
23232.9009484536
22970.2779381443
22380.9713814433
22525.0865979381
22489.8658969072
22268.865443299
21634.7249072165
21602.6946391753
21663.5437525773
21551.4588041237
20898.0917113402
20875.6747216495
21083.8504742268
21090.2523298969
20587.4232989691
20299.1718762887
20472.1269278351
20484.9306391752
20110.2016907216
19687.4483298969
19815.5484123711
19687.4483298969
19335.136371134
18822.6940618557
18937.9904329897
18813.0807835052
18758.6335257732
18335.8591752577
18576.086185567
18537.6540618557
18380.7141443299
17874.6736907216
17868.2718350515
17877.8641237113
17752.9544742268
17275.7538556701
17170.0497731959
17269.352
17298.1708453608
16878.6079175258
16657.6074639175
16686.4472989691
16632.0000412371
16295.7032164948
16052.2857731959
16382.180742268
16401.3863092783
16362.954185567
16731.2812783505
17637.6581030928
18355.0857319588
18937.9904329897
19261.462556701
20107.011257732
20885.2670103093
21727.6042886598
22227.2428865979
23056.7554639175
23783.7753814433
24533.2332783505
24885.5452371134
25644.5954226804
26355.6211958763
26896.8823505155
27220.3544742268
27937.7821030928
28978.6818556701
29558.3751340206
29805.004
30282.2046185567
31415.9837525773
32101.3811134021
32488.9137731959
32719.5275051546
33696.3667216495
34349.733814433
34910.2215257732
34977.4724948454
36088.8346391753
36767.8301443299
37238.6289072165
37225.8251958763
38266.7249484536
39224.3585979381
39749.6046185567
39772.0216082474
40604.7456082474
41664.8719175258
42334.2541443299
42228.5500618557
42596.8771546392
43474.4351340206
44207.8569072165
44255.9023092783
44492.9178969072
45908.5465979381
46792.5064329897
47196.0542268041
47522.7377731959
48915.9494845361
49470.0143505155
49764.667628866
49748.6734845361
51013.7641237113
51705.5633402062
52141.1414020619
51888.1106804124
52887.3878762887
53704.096742268
54354.2524123711
54190.9106391753
55206.1819793815
56560.9615670103
57271.9663505155
57268.7759175258
58047.0526597938
59475.485072165
60026.3595051546
59901.4498556701
59965.5103917526
61339.4955463918
61842.3245773196
61880.7567010309
61816.7171546392
63161.8834639175
63815.250556701
64468.5966597938
64487.8232164948
66009.1350103093
67001.9893608248
67527.256371134
67117.3067216495
68263.8895670103
69109.4172783505
69445.7141030928
68984.507628866
69666.714556701
70803.6841237113
71508.3080412371
71319.3378556701
71876.6141443299
73356.3033814433
74032.0874639175
74006.4590515464
74249.8764948454
75988.9773195876
76760.8522061856
76690.389814433
76334.8874226804
77769.7216907216
78262.9584329897
78419.8773608247
78013.1391340206
79291.0334845361
80229.4405773196
80892.4209484536
80626.5865154639
81814.8129072165
82955.0148865979
83429.0250721649
82971.0300206186
83794.140742268
84863.8593402062
85190.5428865979
84598.0249072165
85187.3524536083
86750.2868041237
87237.1216907217
87038.5382268041
87269.1519587629
88912.1619793814
89757.6896907217
89744.8859793814
89290.1023505155
90584.0118350516
90971.5444948454
91090.0522886598
90571.2081237113
91941.9818556701
92614.5755051546
92777.9172783505
92159.770886598
93559.3844536083
94898.1489072165
95282.4911340206
94683.5712989691
95644.3953814433
96758.9689484536
97293.8282474227
96582.8024742268
96512.3400824742
97469.9737319588
97844.7026804124
97184.9337319588
97069.6373608248
98840.7684536083
99734.3415670103
100048.200412371
98754.2909278351
96970.3351340206
94116.6817319588
90913.9068041237
87000.1061030928
84690.9042886598
82173.5267216495
79435.1696907217
75832.0374020619
73846.3287010309
72052.7806185567
70002.9903917526
67171.7539793815
65480.6775670103
64510.2402061856
63069.0040824742
60686.1284536083
59004.6863092783
58412.1683298969
57166.283257732
55273.4539381443
53575.9756701031
53130.7843298969
52128.3167010309
50533.3520824742
48816.647257732
48534.8186804124
47769.3456494845
46891.7876701031
45485.7722474227
45316.0286185567
44941.2996701031
44198.2646185567
42644.922556701
42209.3444948454
41924.2835051546
41245.3089896907
39919.3482474227
39400.5040824742
39288.3981443299
38939.2976082474
37956.0565360825
37277.0610309278
37248.242185567
36934.3623505155
36108.0611958763
35397.0354226804
35541.171628866
35240.0955051546
34618.7586804124
33754.0254020619
33933.3823092783
33590.683628866
33059.0147628866
32155.828371134
32245.5173195876
32123.7981030928
31886.8035051546
31057.290927835
30990.0189690722
31018.8588041237
30775.4413608247
29949.1192164948
29782.5870103093
29785.777443299
29548.7828453608
28837.7570721649
28543.1037938144
28837.7570721649
28792.9230927835
28200.405113402
27793.6668865979
28008.2444948454
27889.7367010309
27489.4003298969
26874.4653608247
27028.1938556701
26890.4804948454
26611.8423505155
25888.0128659794
26092.9771958763
26096.1886185567
25907.2184329897
25209.0173608247
25260.274185567
25433.2082474227
25317.9118762887
24702.9769072165
24629.3240824742
24718.9920412371
24648.5296494845
24078.4496494845
23726.1376907216
23777.3735257732
23646.0620206185
23188.0669690722
22899.8155463918
23290.559628866
23312.9766185567
23027.9366185567
22589.1471340206
22890.2022680412
22810.1475876289
22512.2828865979
21855.7253608247
21987.0368659794
21929.378185567
21762.8459793814
21141.4881649485
21103.0560412371
21151.101443299
21119.0711752577
20641.870556701
20661.0761237113
20846.8348865979
20750.7650721649
20222.307628866
20001.3071752577
20203.0810721649
20206.2924948454
19761.1011546392
19328.7345154639
19546.5235463917
19520.8951340206
19226.2418556701
18813.0807835052
18928.3771546392
18841.899628866
18800.2770721649
18374.3122886598
18572.8747628866
18595.2917525773
18492.7990927835
17989.9700618557
17993.1814845361
18047.628742268
17890.6888247423
17410.2767835051
17294.9594226804
17439.095628866
17426.2919175258
17064.3666804124
16968.2758762887
17022.7231340206
17054.7534020619
16699.2510103093
16401.3863092783
16638.4018969072
